1.840000000000000000e+03 1.536070231000000000e+09
4.840000000000000000e+03 1.568131492000000000e+09
6.700000000000000000e+03 1.568131505000000000e+09
2.100000000000000000e+03 1.568131565000000000e+09
1.000000000000000000e+02 1.568131594000000000e+09
4.400000000000000000e+02 1.568131733000000000e+09
4.000000000000000000e+01 1.568131841000000000e+09
9.800000000000000000e+02 1.568131920000000000e+09
1.960000000000000000e+03 1.568131987000000000e+09
2.780000000000000000e+03 1.568132027000000000e+09
4.000000000000000000e+02 1.568132050000000000e+09
3.760000000000000000e+03 1.568132077000000000e+09
3.200000000000000000e+02 1.568132158000000000e+09
1.000000000000000000e+02 1.568132194000000000e+09
1.320000000000000000e+03 1.568132432000000000e+09
3.520000000000000000e+03 1.568132448000000000e+09
9.400000000000000000e+02 1.568132517000000000e+09
6.020000000000000000e+03 1.568132540000000000e+09
1.000000000000000000e+03 1.568132551000000000e+09
2.000000000000000000e+03 1.568132576000000000e+09
1.760000000000000000e+03 1.568132713000000000e+09
4.720000000000000000e+03 1.568132838000000000e+09
2.240000000000000000e+03 1.568132957000000000e+09
9.200000000000000000e+02 1.568132989000000000e+09
2.420000000000000000e+03 1.568133018000000000e+09
4.500000000000000000e+03 1.568133047000000000e+09
1.380000000000000000e+03 1.568133089000000000e+09
4.800000000000000000e+02 1.568133092000000000e+09
2.240000000000000000e+03 1.568133158000000000e+09
1.620000000000000000e+03 1.568133247000000000e+09
7.420000000000000000e+03 1.568133355000000000e+09
3.000000000000000000e+02 1.568133485000000000e+09
2.400000000000000000e+02 1.568133510000000000e+09
7.800000000000000000e+02 1.568133796000000000e+09
3.480000000000000000e+03 1.568133893000000000e+09
1.752000000000000000e+04 1.568133897000000000e+09
7.020000000000000000e+03 1.568133916000000000e+09
2.180000000000000000e+03 1.568134000000000000e+09
7.800000000000000000e+02 1.568134088000000000e+09
3.880000000000000000e+03 1.568134147000000000e+09
2.160000000000000000e+03 1.568134197000000000e+09
1.620000000000000000e+03 1.568134219000000000e+09
6.000000000000000000e+02 1.568134230000000000e+09
5.000000000000000000e+02 1.568134239000000000e+09
3.880000000000000000e+03 1.568134281000000000e+09
5.800000000000000000e+02 1.568134659000000000e+09
3.160000000000000000e+03 1.568134662000000000e+09
1.160000000000000000e+03 1.568134704000000000e+09
6.000000000000000000e+01 1.568134751000000000e+09
2.200000000000000000e+02 1.568134772000000000e+09
4.220000000000000000e+03 1.568134796000000000e+09
9.000000000000000000e+02 1.568134819000000000e+09
6.600000000000000000e+02 1.568134876000000000e+09
2.780000000000000000e+03 1.568134972000000000e+09
1.300000000000000000e+03 1.568135017000000000e+09
2.660000000000000000e+03 1.568135021000000000e+09
5.240000000000000000e+03 1.568135043000000000e+09
4.240000000000000000e+03 1.568135231000000000e+09
1.400000000000000000e+03 1.568135273000000000e+09
1.040000000000000000e+03 1.568135305000000000e+09
1.760000000000000000e+03 1.568135353000000000e+09
2.920000000000000000e+03 1.568135462000000000e+09
1.800000000000000000e+02 1.568135463000000000e+09
5.400000000000000000e+02 1.568135478000000000e+09
7.080000000000000000e+03 1.568135584000000000e+09
4.180000000000000000e+03 1.568135641000000000e+09
2.980000000000000000e+03 1.568135709000000000e+09
8.600000000000000000e+02 1.568136078000000000e+09
1.760000000000000000e+03 1.568136110000000000e+09
2.000000000000000000e+03 1.568136127000000000e+09
2.300000000000000000e+03 1.568136218000000000e+09
5.800000000000000000e+02 1.568136353000000000e+09
6.000000000000000000e+01 1.568136361000000000e+09
6.600000000000000000e+03 1.568136614000000000e+09
1.540000000000000000e+03 1.568136670000000000e+09
1.720000000000000000e+03 1.568136850000000000e+09
1.740000000000000000e+03 1.568136933000000000e+09
1.420000000000000000e+03 1.568137022000000000e+09
1.438000000000000000e+04 1.568137093000000000e+09
6.600000000000000000e+02 1.568137102000000000e+09
1.846000000000000000e+04 1.568137104000000000e+09
8.000000000000000000e+01 1.568137135000000000e+09
1.280000000000000000e+03 1.568137153000000000e+09
1.340000000000000000e+03 1.568137181000000000e+09
4.100000000000000000e+03 1.568137231000000000e+09
2.260000000000000000e+03 1.568137295000000000e+09
5.400000000000000000e+03 1.568137409000000000e+09
3.620000000000000000e+03 1.568137443000000000e+09
1.640000000000000000e+03 1.568137486000000000e+09
1.600000000000000000e+02 1.568137524000000000e+09
2.480000000000000000e+03 1.568137597000000000e+09
1.340000000000000000e+03 1.568137677000000000e+09
1.220000000000000000e+03 1.568137720000000000e+09
1.420000000000000000e+03 1.568137737000000000e+09
1.040000000000000000e+03 1.568137878000000000e+09
2.000000000000000000e+02 1.568138132000000000e+09
1.760000000000000000e+03 1.568138368000000000e+09
6.800000000000000000e+02 1.568138385000000000e+09
2.880000000000000000e+03 1.568138415000000000e+09
5.680000000000000000e+03 1.568138451000000000e+09
2.400000000000000000e+02 1.568138482000000000e+09
9.400000000000000000e+02 1.568138585000000000e+09
5.180000000000000000e+03 1.568138623000000000e+09
6.000000000000000000e+02 1.568138675000000000e+09
2.160000000000000000e+03 1.568138689000000000e+09
9.800000000000000000e+02 1.568138761000000000e+09
2.420000000000000000e+03 1.568138840000000000e+09
5.040000000000000000e+03 1.568138874000000000e+09
9.080000000000000000e+03 1.568138928000000000e+09
6.600000000000000000e+02 1.568139147000000000e+09
5.000000000000000000e+03 1.568139346000000000e+09
1.020000000000000000e+03 1.568139348000000000e+09
5.800000000000000000e+02 1.568139463000000000e+09
3.680000000000000000e+03 1.568139495000000000e+09
1.580000000000000000e+03 1.568139517000000000e+09
2.140000000000000000e+03 1.568139543000000000e+09
1.140000000000000000e+03 1.568139726000000000e+09
2.580000000000000000e+03 1.568139825000000000e+09
1.720000000000000000e+03 1.568139913000000000e+09
6.800000000000000000e+02 1.568139948000000000e+09
2.780000000000000000e+03 1.568140111000000000e+09
5.400000000000000000e+02 1.568140137000000000e+09
7.000000000000000000e+02 1.568140201000000000e+09
1.220000000000000000e+03 1.568140284000000000e+09
3.460000000000000000e+03 1.568140311000000000e+09
3.160000000000000000e+03 1.568140457000000000e+09
3.600000000000000000e+02 1.568140482000000000e+09
1.820000000000000000e+03 1.568140518000000000e+09
2.040000000000000000e+03 1.568140584000000000e+09
4.860000000000000000e+03 1.568140594000000000e+09
6.400000000000000000e+02 1.568140641000000000e+09
2.320000000000000000e+03 1.568140649000000000e+09
1.960000000000000000e+03 1.568140665000000000e+09
3.900000000000000000e+03 1.568140739000000000e+09
3.800000000000000000e+02 1.568140795000000000e+09
3.000000000000000000e+02 1.568140837000000000e+09
5.100000000000000000e+03 1.568140857000000000e+09
1.720000000000000000e+03 1.568140874000000000e+09
2.140000000000000000e+03 1.568140882000000000e+09
3.700000000000000000e+03 1.568140940000000000e+09
2.260000000000000000e+03 1.568140991000000000e+09
1.780000000000000000e+03 1.568141043000000000e+09
5.200000000000000000e+02 1.568141064000000000e+09
1.900000000000000000e+03 1.568141076000000000e+09
1.020000000000000000e+03 1.568141216000000000e+09
2.200000000000000000e+02 1.568141237000000000e+09
6.860000000000000000e+03 1.568141611000000000e+09
4.400000000000000000e+02 1.568141651000000000e+09
2.800000000000000000e+03 1.568141706000000000e+09
5.480000000000000000e+03 1.568141738000000000e+09
3.660000000000000000e+03 1.568141787000000000e+09
2.200000000000000000e+02 1.568141972000000000e+09
3.560000000000000000e+03 1.568142017000000000e+09
3.580000000000000000e+03 1.568142177000000000e+09
7.400000000000000000e+02 1.568142179000000000e+09
4.500000000000000000e+03 1.568142182000000000e+09
2.340000000000000000e+03 1.568142394000000000e+09
8.000000000000000000e+02 1.568142652000000000e+09
2.200000000000000000e+02 1.568142699000000000e+09
3.980000000000000000e+03 1.568142714000000000e+09
2.400000000000000000e+02 1.568142867000000000e+09
1.300000000000000000e+03 1.568142879000000000e+09
3.300000000000000000e+03 1.568142904000000000e+09
2.320000000000000000e+03 1.568142935000000000e+09
9.400000000000000000e+02 1.568143001000000000e+09
6.940000000000000000e+03 1.568143126000000000e+09
4.360000000000000000e+03 1.568143144000000000e+09
7.880000000000000000e+03 1.568143155000000000e+09
1.600000000000000000e+02 1.568143239000000000e+09
2.500000000000000000e+03 1.568143315000000000e+09
3.480000000000000000e+03 1.568143384000000000e+09
3.400000000000000000e+02 1.568143399000000000e+09
4.320000000000000000e+03 1.568143484000000000e+09
2.660000000000000000e+03 1.568143610000000000e+09
1.280000000000000000e+03 1.568143682000000000e+09
1.720000000000000000e+03 1.568143695000000000e+09
3.600000000000000000e+03 1.568143747000000000e+09
8.000000000000000000e+01 1.568143807000000000e+09
6.480000000000000000e+03 1.568143997000000000e+09
1.136000000000000000e+04 1.568144300000000000e+09
8.440000000000000000e+03 1.568144355000000000e+09
4.360000000000000000e+03 1.568144491000000000e+09
2.400000000000000000e+02 1.568144513000000000e+09
1.220000000000000000e+03 1.568144730000000000e+09
7.800000000000000000e+02 1.568144744000000000e+09
6.200000000000000000e+02 1.568144819000000000e+09
4.600000000000000000e+02 1.568144934000000000e+09
2.140000000000000000e+03 1.568144937000000000e+09
3.620000000000000000e+03 1.568145050000000000e+09
4.800000000000000000e+02 1.568145068000000000e+09
7.340000000000000000e+03 1.568145074000000000e+09
1.820000000000000000e+03 1.568145150000000000e+09
2.140000000000000000e+03 1.568145362000000000e+09
7.200000000000000000e+02 1.568145478000000000e+09
4.540000000000000000e+03 1.568145506000000000e+09
4.420000000000000000e+03 1.568145660000000000e+09
5.120000000000000000e+03 1.568145661000000000e+09
1.340000000000000000e+03 1.568145671000000000e+09
1.320000000000000000e+03 1.568145728000000000e+09
3.420000000000000000e+03 1.568146206000000000e+09
1.180000000000000000e+03 1.568146288000000000e+09
1.240000000000000000e+03 1.568146653000000000e+09
3.000000000000000000e+02 1.568146884000000000e+09
7.400000000000000000e+02 1.568146945000000000e+09
1.280000000000000000e+03 1.568147099000000000e+09
3.440000000000000000e+03 1.568147116000000000e+09
8.000000000000000000e+02 1.568147162000000000e+09
2.260000000000000000e+03 1.568147182000000000e+09
3.200000000000000000e+02 1.568147227000000000e+09
5.740000000000000000e+03 1.568147271000000000e+09
6.200000000000000000e+02 1.568147271000000000e+09
1.000000000000000000e+02 1.568147356000000000e+09
5.060000000000000000e+03 1.568147471000000000e+09
5.000000000000000000e+02 1.568147528000000000e+09
4.900000000000000000e+03 1.568147529000000000e+09
1.800000000000000000e+03 1.568147870000000000e+09
1.340000000000000000e+03 1.568147941000000000e+09
1.360000000000000000e+03 1.568148079000000000e+09
4.340000000000000000e+03 1.568148081000000000e+09
2.460000000000000000e+03 1.568148184000000000e+09
1.240000000000000000e+03 1.568148279000000000e+09
3.940000000000000000e+03 1.568148294000000000e+09
5.200000000000000000e+02 1.568148806000000000e+09
1.200000000000000000e+02 1.568148910000000000e+09
2.700000000000000000e+03 1.568148912000000000e+09
1.740000000000000000e+03 1.568148927000000000e+09
1.900000000000000000e+03 1.568149001000000000e+09
4.480000000000000000e+03 1.568149044000000000e+09
4.200000000000000000e+02 1.568149097000000000e+09
1.560000000000000000e+03 1.568149261000000000e+09
1.760000000000000000e+03 1.568149413000000000e+09
1.540000000000000000e+03 1.568149432000000000e+09
2.100000000000000000e+03 1.568149772000000000e+09
1.560000000000000000e+03 1.568149970000000000e+09
3.520000000000000000e+03 1.568150033000000000e+09
3.080000000000000000e+03 1.568150070000000000e+09
2.520000000000000000e+03 1.568150118000000000e+09
2.400000000000000000e+02 1.568150191000000000e+09
1.360000000000000000e+03 1.568150264000000000e+09
2.580000000000000000e+03 1.568150313000000000e+09
2.000000000000000000e+02 1.568150338000000000e+09
1.180000000000000000e+03 1.568150436000000000e+09
4.200000000000000000e+02 1.568150468000000000e+09
9.720000000000000000e+03 1.568150535000000000e+09
2.000000000000000000e+02 1.568150551000000000e+09
2.200000000000000000e+03 1.568150606000000000e+09
8.400000000000000000e+02 1.568150626000000000e+09
4.480000000000000000e+03 1.568150844000000000e+09
1.800000000000000000e+03 1.568150871000000000e+09
9.000000000000000000e+02 1.568150918000000000e+09
2.680000000000000000e+03 1.568150962000000000e+09
1.200000000000000000e+02 1.568151019000000000e+09
7.000000000000000000e+02 1.568151220000000000e+09
1.360000000000000000e+03 1.568151240000000000e+09
1.320000000000000000e+03 1.568151269000000000e+09
3.920000000000000000e+03 1.568151371000000000e+09
2.120000000000000000e+03 1.568151398000000000e+09
2.780000000000000000e+03 1.568151466000000000e+09
3.600000000000000000e+02 1.568151534000000000e+09
3.100000000000000000e+03 1.568151634000000000e+09
3.200000000000000000e+03 1.568151662000000000e+09
1.692000000000000000e+04 1.568151674000000000e+09
1.200000000000000000e+02 1.568151933000000000e+09
6.060000000000000000e+03 1.568151945000000000e+09
2.840000000000000000e+03 1.568152061000000000e+09
1.100000000000000000e+03 1.568152068000000000e+09
9.000000000000000000e+02 1.568152080000000000e+09
3.040000000000000000e+03 1.568152146000000000e+09
1.840000000000000000e+03 1.568152247000000000e+09
2.960000000000000000e+03 1.568152304000000000e+09
8.600000000000000000e+02 1.568152309000000000e+09
6.200000000000000000e+02 1.568152405000000000e+09
1.100000000000000000e+03 1.568152450000000000e+09
6.600000000000000000e+02 1.568152637000000000e+09
2.000000000000000000e+02 1.568152665000000000e+09
3.860000000000000000e+03 1.568152714000000000e+09
3.920000000000000000e+03 1.568152727000000000e+09
7.200000000000000000e+02 1.568152832000000000e+09
7.400000000000000000e+03 1.568152906000000000e+09
1.000000000000000000e+02 1.568152941000000000e+09
7.400000000000000000e+02 1.568152954000000000e+09
1.340000000000000000e+03 1.568153237000000000e+09
8.000000000000000000e+01 1.568153276000000000e+09
6.200000000000000000e+02 1.568153282000000000e+09
3.120000000000000000e+03 1.568153337000000000e+09
1.422000000000000000e+04 1.568153340000000000e+09
1.060000000000000000e+03 1.568153357000000000e+09
4.800000000000000000e+02 1.568153394000000000e+09
2.800000000000000000e+02 1.568153402000000000e+09
2.040000000000000000e+03 1.568153433000000000e+09
6.000000000000000000e+01 1.568153437000000000e+09
1.140000000000000000e+03 1.568153472000000000e+09
7.600000000000000000e+02 1.568153599000000000e+09
3.720000000000000000e+03 1.568153621000000000e+09
1.200000000000000000e+02 1.568153655000000000e+09
8.000000000000000000e+01 1.568153692000000000e+09
3.900000000000000000e+03 1.568153782000000000e+09
1.740000000000000000e+03 1.568163416000000000e+09
3.500000000000000000e+03 1.568163494000000000e+09
5.380000000000000000e+03 1.568163818000000000e+09
3.400000000000000000e+03 1.568163860000000000e+09
4.540000000000000000e+03 1.568163896000000000e+09
4.800000000000000000e+03 1.568163935000000000e+09
5.600000000000000000e+02 1.568164024000000000e+09
1.080000000000000000e+03 1.568164061000000000e+09
3.600000000000000000e+02 1.568164075000000000e+09
5.000000000000000000e+02 1.568164100000000000e+09
1.220000000000000000e+03 1.568164165000000000e+09
1.120000000000000000e+03 1.568164233000000000e+09
2.820000000000000000e+03 1.568164379000000000e+09
3.600000000000000000e+02 1.568164492000000000e+09
1.280000000000000000e+03 1.568164519000000000e+09
1.460000000000000000e+03 1.568164547000000000e+09
2.540000000000000000e+03 1.568164573000000000e+09
1.740000000000000000e+03 1.568164709000000000e+09
5.600000000000000000e+02 1.568164806000000000e+09
3.440000000000000000e+03 1.568164859000000000e+09
6.000000000000000000e+02 1.568165016000000000e+09
8.200000000000000000e+02 1.568165144000000000e+09
2.960000000000000000e+03 1.568165384000000000e+09
1.200000000000000000e+02 1.568165457000000000e+09
3.560000000000000000e+03 1.568165678000000000e+09
4.400000000000000000e+02 1.568165690000000000e+09
1.080000000000000000e+03 1.568165729000000000e+09
5.120000000000000000e+03 1.568165771000000000e+09
4.840000000000000000e+03 1.568165793000000000e+09
5.400000000000000000e+02 1.568165794000000000e+09
4.720000000000000000e+03 1.568165872000000000e+09
1.200000000000000000e+03 1.568165917000000000e+09
1.160000000000000000e+03 1.568166035000000000e+09
4.000000000000000000e+02 1.568166108000000000e+09
7.600000000000000000e+02 1.568166151000000000e+09
4.280000000000000000e+03 1.568166337000000000e+09
7.740000000000000000e+03 1.568166619000000000e+09
7.500000000000000000e+03 1.568166648000000000e+09
4.200000000000000000e+02 1.568166943000000000e+09
2.620000000000000000e+03 1.568167081000000000e+09
1.680000000000000000e+03 1.568167144000000000e+09
1.180000000000000000e+03 1.568167194000000000e+09
8.200000000000000000e+02 1.568167586000000000e+09
1.180000000000000000e+03 1.568167604000000000e+09
3.200000000000000000e+03 1.568167615000000000e+09
1.880000000000000000e+03 1.568167629000000000e+09
1.400000000000000000e+02 1.568167643000000000e+09
6.000000000000000000e+02 1.568167774000000000e+09
8.200000000000000000e+02 1.568168025000000000e+09
1.620000000000000000e+04 1.568168037000000000e+09
1.220000000000000000e+03 1.568168039000000000e+09
1.200000000000000000e+02 1.568168066000000000e+09
4.200000000000000000e+02 1.568168096000000000e+09
9.880000000000000000e+03 1.568168193000000000e+09
1.620000000000000000e+03 1.568168376000000000e+09
1.560000000000000000e+03 1.568168494000000000e+09
9.400000000000000000e+02 1.568168537000000000e+09
9.600000000000000000e+02 1.568168756000000000e+09
5.400000000000000000e+02 1.568168805000000000e+09
1.620000000000000000e+03 1.568168839000000000e+09
2.720000000000000000e+03 1.568168852000000000e+09
3.180000000000000000e+03 1.568168876000000000e+09
6.800000000000000000e+02 1.568169060000000000e+09
4.840000000000000000e+03 1.568169195000000000e+09
1.680000000000000000e+03 1.568169339000000000e+09
3.180000000000000000e+03 1.568169574000000000e+09
2.220000000000000000e+03 1.568169983000000000e+09
9.800000000000000000e+02 1.568170001000000000e+09
6.200000000000000000e+02 1.568170040000000000e+09
1.420000000000000000e+03 1.568170116000000000e+09
5.800000000000000000e+02 1.568170127000000000e+09
1.280000000000000000e+03 1.568170155000000000e+09
3.000000000000000000e+02 1.568170323000000000e+09
1.200000000000000000e+02 1.568170323000000000e+09
1.800000000000000000e+02 1.568170334000000000e+09
2.020000000000000000e+03 1.568170358000000000e+09
4.900000000000000000e+03 1.568170490000000000e+09
1.660000000000000000e+03 1.568170500000000000e+09
9.400000000000000000e+02 1.568170781000000000e+09
1.600000000000000000e+02 1.568170808000000000e+09
1.118000000000000000e+04 1.568170925000000000e+09
2.080000000000000000e+03 1.568170956000000000e+09
8.400000000000000000e+02 1.568171167000000000e+09
2.000000000000000000e+02 1.568171198000000000e+09
1.720000000000000000e+03 1.568171252000000000e+09
1.000000000000000000e+03 1.568171345000000000e+09
4.200000000000000000e+02 1.568171420000000000e+09
2.660000000000000000e+03 1.568171467000000000e+09
5.400000000000000000e+02 1.568171539000000000e+09
5.560000000000000000e+03 1.568171628000000000e+09
1.980000000000000000e+03 1.568171723000000000e+09
3.600000000000000000e+02 1.568171731000000000e+09
1.020000000000000000e+03 1.568171737000000000e+09
4.540000000000000000e+03 1.568171753000000000e+09
1.720000000000000000e+03 1.568171876000000000e+09
3.060000000000000000e+03 1.568172014000000000e+09
4.000000000000000000e+02 1.568172081000000000e+09
1.440000000000000000e+03 1.568172194000000000e+09
1.240000000000000000e+03 1.568172237000000000e+09
4.000000000000000000e+02 1.568172357000000000e+09
4.620000000000000000e+03 1.568172405000000000e+09
1.494000000000000000e+04 1.568172442000000000e+09
3.000000000000000000e+02 1.568172574000000000e+09
1.820000000000000000e+03 1.568172628000000000e+09
1.000000000000000000e+03 1.568172647000000000e+09
2.000000000000000000e+02 1.568172660000000000e+09
1.660000000000000000e+03 1.568172687000000000e+09
7.400000000000000000e+02 1.568172860000000000e+09
1.192000000000000000e+04 1.568172961000000000e+09
2.800000000000000000e+03 1.568173010000000000e+09
3.160000000000000000e+03 1.568173023000000000e+09
1.640000000000000000e+03 1.568173093000000000e+09
4.220000000000000000e+03 1.568173110000000000e+09
2.300000000000000000e+03 1.568173115000000000e+09
1.280000000000000000e+03 1.568173166000000000e+09
1.000000000000000000e+03 1.568173198000000000e+09
4.160000000000000000e+03 1.568173288000000000e+09
1.560000000000000000e+03 1.568173324000000000e+09
3.800000000000000000e+02 1.568173351000000000e+09
1.400000000000000000e+02 1.568173424000000000e+09
1.260000000000000000e+03 1.568173444000000000e+09
1.200000000000000000e+02 1.568173670000000000e+09
1.540000000000000000e+03 1.568173685000000000e+09
8.800000000000000000e+02 1.568173698000000000e+09
8.600000000000000000e+02 1.568173926000000000e+09
5.720000000000000000e+03 1.568173932000000000e+09
1.460000000000000000e+03 1.568173978000000000e+09
3.480000000000000000e+03 1.568174092000000000e+09
2.400000000000000000e+02 1.568174250000000000e+09
2.020000000000000000e+03 1.568174342000000000e+09
1.102000000000000000e+04 1.568174533000000000e+09
7.200000000000000000e+02 1.568174601000000000e+09
2.320000000000000000e+03 1.568174680000000000e+09
2.800000000000000000e+02 1.568174729000000000e+09
5.200000000000000000e+02 1.568174786000000000e+09
3.060000000000000000e+03 1.568174814000000000e+09
1.880000000000000000e+03 1.568175144000000000e+09
1.980000000000000000e+03 1.568175154000000000e+09
1.900000000000000000e+03 1.568175225000000000e+09
4.620000000000000000e+03 1.568175286000000000e+09
7.600000000000000000e+02 1.568175476000000000e+09
1.000000000000000000e+02 1.568175717000000000e+09
1.160000000000000000e+03 1.568175853000000000e+09
5.000000000000000000e+02 1.568176131000000000e+09
2.600000000000000000e+02 1.568176168000000000e+09
2.620000000000000000e+03 1.568176189000000000e+09
6.000000000000000000e+01 1.568176268000000000e+09
1.320000000000000000e+03 1.568176317000000000e+09
6.800000000000000000e+02 1.568176379000000000e+09
9.800000000000000000e+02 1.568176411000000000e+09
1.000000000000000000e+02 1.568176505000000000e+09
2.600000000000000000e+02 1.568176520000000000e+09
2.480000000000000000e+03 1.568176542000000000e+09
3.680000000000000000e+03 1.568176665000000000e+09
5.800000000000000000e+02 1.568176826000000000e+09
6.000000000000000000e+01 1.568176872000000000e+09
1.800000000000000000e+02 1.568176944000000000e+09
4.780000000000000000e+03 1.568177031000000000e+09
1.800000000000000000e+02 1.568177081000000000e+09
5.840000000000000000e+03 1.568177120000000000e+09
4.560000000000000000e+03 1.568177205000000000e+09
6.000000000000000000e+02 1.568177215000000000e+09
3.800000000000000000e+02 1.568177241000000000e+09
6.160000000000000000e+03 1.568177325000000000e+09
1.300000000000000000e+03 1.568177389000000000e+09
8.160000000000000000e+03 1.568177440000000000e+09
3.960000000000000000e+03 1.568177455000000000e+09
1.020000000000000000e+03 1.568177674000000000e+09
1.660000000000000000e+03 1.568177695000000000e+09
3.400000000000000000e+02 1.568177934000000000e+09
4.380000000000000000e+03 1.568178014000000000e+09
3.120000000000000000e+03 1.568178014000000000e+09
4.900000000000000000e+03 1.568178115000000000e+09
7.400000000000000000e+02 1.568178223000000000e+09
8.160000000000000000e+03 1.568178225000000000e+09
6.400000000000000000e+02 1.568178226000000000e+09
2.500000000000000000e+03 1.568178233000000000e+09
3.200000000000000000e+02 1.568178289000000000e+09
1.000000000000000000e+02 1.568178443000000000e+09
7.200000000000000000e+02 1.568178545000000000e+09
2.220000000000000000e+03 1.568178676000000000e+09
1.560000000000000000e+03 1.568178704000000000e+09
3.300000000000000000e+03 1.568178710000000000e+09
6.600000000000000000e+02 1.568178898000000000e+09
1.680000000000000000e+03 1.568179012000000000e+09
5.400000000000000000e+02 1.568179061000000000e+09
3.800000000000000000e+02 1.568179087000000000e+09
5.000000000000000000e+02 1.568179166000000000e+09
1.100000000000000000e+03 1.568179246000000000e+09
1.120000000000000000e+03 1.568179326000000000e+09
3.600000000000000000e+02 1.568179412000000000e+09
1.500000000000000000e+03 1.568179457000000000e+09
1.880000000000000000e+03 1.568179460000000000e+09
2.500000000000000000e+03 1.568179669000000000e+09
1.780000000000000000e+03 1.568179685000000000e+09
7.400000000000000000e+02 1.568179691000000000e+09
8.200000000000000000e+02 1.568179746000000000e+09
1.480000000000000000e+03 1.568179827000000000e+09
1.720000000000000000e+03 1.568179848000000000e+09
1.240000000000000000e+03 1.568179982000000000e+09
3.460000000000000000e+03 1.568180025000000000e+09
4.400000000000000000e+03 1.568180154000000000e+09
6.000000000000000000e+01 1.568180270000000000e+09
3.900000000000000000e+03 1.568180609000000000e+09
1.180000000000000000e+03 1.568180691000000000e+09
2.800000000000000000e+02 1.568180714000000000e+09
8.800000000000000000e+02 1.568180737000000000e+09
9.200000000000000000e+02 1.568180849000000000e+09
8.000000000000000000e+02 1.568180923000000000e+09
1.420000000000000000e+03 1.568180991000000000e+09
4.300000000000000000e+03 1.568181195000000000e+09
8.600000000000000000e+02 1.568181239000000000e+09
2.680000000000000000e+03 1.568181377000000000e+09
5.120000000000000000e+03 1.568181386000000000e+09
7.400000000000000000e+02 1.568181488000000000e+09
3.200000000000000000e+02 1.568181502000000000e+09
2.800000000000000000e+02 1.568181559000000000e+09
6.600000000000000000e+02 1.568181584000000000e+09
2.960000000000000000e+03 1.568181620000000000e+09
1.800000000000000000e+02 1.568181800000000000e+09
4.340000000000000000e+03 1.568181808000000000e+09
7.400000000000000000e+02 1.568181870000000000e+09
1.000000000000000000e+02 1.568181914000000000e+09
1.740000000000000000e+03 1.568181993000000000e+09
6.880000000000000000e+03 1.568182045000000000e+09
3.340000000000000000e+03 1.568182179000000000e+09
4.380000000000000000e+03 1.568182217000000000e+09
2.600000000000000000e+03 1.568182261000000000e+09
1.100000000000000000e+03 1.568182356000000000e+09
1.060000000000000000e+03 1.568182356000000000e+09
1.260000000000000000e+03 1.568182504000000000e+09
4.940000000000000000e+03 1.568182512000000000e+09
9.000000000000000000e+02 1.568182612000000000e+09
7.220000000000000000e+03 1.568182656000000000e+09
1.000000000000000000e+03 1.568182686000000000e+09
3.740000000000000000e+03 1.568182701000000000e+09
1.400000000000000000e+02 1.568182703000000000e+09
6.600000000000000000e+02 1.568182917000000000e+09
6.680000000000000000e+03 1.568183022000000000e+09
1.800000000000000000e+03 1.568183096000000000e+09
7.800000000000000000e+02 1.568183362000000000e+09
5.000000000000000000e+03 1.568183369000000000e+09
7.400000000000000000e+03 1.568183380000000000e+09
6.800000000000000000e+02 1.568183409000000000e+09
3.540000000000000000e+03 1.568183433000000000e+09
3.020000000000000000e+03 1.568183476000000000e+09
4.000000000000000000e+01 1.568183582000000000e+09
1.280000000000000000e+03 1.568183673000000000e+09
2.800000000000000000e+02 1.568183764000000000e+09
9.200000000000000000e+02 1.568183817000000000e+09
7.000000000000000000e+02 1.568183982000000000e+09
6.000000000000000000e+02 1.568183996000000000e+09
6.000000000000000000e+02 1.568184309000000000e+09
2.500000000000000000e+03 1.568184365000000000e+09
2.660000000000000000e+03 1.568184388000000000e+09
2.200000000000000000e+03 1.568184451000000000e+09
3.800000000000000000e+02 1.568184453000000000e+09
3.720000000000000000e+03 1.568184561000000000e+09
3.180000000000000000e+03 1.568184726000000000e+09
9.000000000000000000e+02 1.568184792000000000e+09
2.840000000000000000e+03 1.568185159000000000e+09
1.720000000000000000e+03 1.568185199000000000e+09
1.140000000000000000e+03 1.568185202000000000e+09
1.020000000000000000e+03 1.568185267000000000e+09
6.800000000000000000e+02 1.568185281000000000e+09
2.720000000000000000e+03 1.568185381000000000e+09
3.980000000000000000e+03 1.568185441000000000e+09
1.300000000000000000e+03 1.568185444000000000e+09
2.700000000000000000e+03 1.568185534000000000e+09
2.400000000000000000e+03 1.568185550000000000e+09
8.800000000000000000e+02 1.568185582000000000e+09
9.000000000000000000e+02 1.568185606000000000e+09
4.800000000000000000e+03 1.568185667000000000e+09
1.780000000000000000e+03 1.568185677000000000e+09
4.400000000000000000e+02 1.568185778000000000e+09
1.340000000000000000e+03 1.568185910000000000e+09
5.800000000000000000e+02 1.568186017000000000e+09
8.720000000000000000e+03 1.568186074000000000e+09
1.140000000000000000e+03 1.568186266000000000e+09
4.040000000000000000e+03 1.568186409000000000e+09
1.640000000000000000e+03 1.568186432000000000e+09
1.650000000000000000e+04 1.568186443000000000e+09
5.800000000000000000e+02 1.568186537000000000e+09
2.160000000000000000e+03 1.568186557000000000e+09
3.020000000000000000e+03 1.568186566000000000e+09
1.260000000000000000e+03 1.568186722000000000e+09
5.400000000000000000e+02 1.568186861000000000e+09
3.200000000000000000e+02 1.568186987000000000e+09
2.600000000000000000e+02 1.568187141000000000e+09
1.240000000000000000e+03 1.568187151000000000e+09
4.800000000000000000e+02 1.568187214000000000e+09
6.200000000000000000e+02 1.568187219000000000e+09
6.400000000000000000e+02 1.568187258000000000e+09
8.200000000000000000e+02 1.568187440000000000e+09
1.260000000000000000e+03 1.568187498000000000e+09
2.140000000000000000e+03 1.568187746000000000e+09
1.138000000000000000e+04 1.568187781000000000e+09
4.060000000000000000e+03 1.568187918000000000e+09
3.600000000000000000e+02 1.568187960000000000e+09
9.400000000000000000e+02 1.568187961000000000e+09
6.200000000000000000e+02 1.568188001000000000e+09
3.600000000000000000e+02 1.568188010000000000e+09
7.440000000000000000e+03 1.568188122000000000e+09
3.940000000000000000e+03 1.568188177000000000e+09
1.860000000000000000e+03 1.568188187000000000e+09
1.800000000000000000e+02 1.568188227000000000e+09
1.540000000000000000e+03 1.568188361000000000e+09
1.980000000000000000e+03 1.568188504000000000e+09
1.560000000000000000e+03 1.568188514000000000e+09
1.400000000000000000e+03 1.568188687000000000e+09
2.000000000000000000e+02 1.568188749000000000e+09
3.660000000000000000e+03 1.568188770000000000e+09
5.000000000000000000e+02 1.568188821000000000e+09
1.856000000000000000e+04 1.568189007000000000e+09
5.120000000000000000e+03 1.568189101000000000e+09
2.600000000000000000e+03 1.568189224000000000e+09
4.860000000000000000e+03 1.568189438000000000e+09
1.660000000000000000e+03 1.568189513000000000e+09
1.260000000000000000e+03 1.568189631000000000e+09
1.400000000000000000e+02 1.568189644000000000e+09
2.400000000000000000e+02 1.568189861000000000e+09
4.480000000000000000e+03 1.568189874000000000e+09
6.000000000000000000e+01 1.568189877000000000e+09
4.400000000000000000e+03 1.568189883000000000e+09
5.600000000000000000e+02 1.568190150000000000e+09
1.720000000000000000e+03 1.568190225000000000e+09
1.600000000000000000e+03 1.568190232000000000e+09
2.880000000000000000e+03 1.568190256000000000e+09
2.900000000000000000e+03 1.568190283000000000e+09
4.960000000000000000e+03 1.568190381000000000e+09
4.220000000000000000e+03 1.568190423000000000e+09
9.800000000000000000e+02 1.568190431000000000e+09
1.960000000000000000e+03 1.568190510000000000e+09
1.940000000000000000e+03 1.568190604000000000e+09
1.180000000000000000e+03 1.568190636000000000e+09
2.820000000000000000e+03 1.568190697000000000e+09
4.800000000000000000e+03 1.568190740000000000e+09
6.400000000000000000e+02 1.568190742000000000e+09
1.180000000000000000e+04 1.568190896000000000e+09
4.620000000000000000e+03 1.568190967000000000e+09
3.800000000000000000e+02 1.568190994000000000e+09
1.600000000000000000e+02 1.568191048000000000e+09
1.400000000000000000e+02 1.568191074000000000e+09
3.180000000000000000e+03 1.568191398000000000e+09
1.660000000000000000e+03 1.568191659000000000e+09
1.520000000000000000e+03 1.568191703000000000e+09
2.560000000000000000e+03 1.568191852000000000e+09
1.440000000000000000e+03 1.568192071000000000e+09
3.360000000000000000e+03 1.568192131000000000e+09
4.400000000000000000e+02 1.568192573000000000e+09
9.960000000000000000e+03 1.568192755000000000e+09
1.900000000000000000e+03 1.568192813000000000e+09
1.400000000000000000e+03 1.568192870000000000e+09
7.000000000000000000e+02 1.568192956000000000e+09
2.420000000000000000e+03 1.568193079000000000e+09
6.600000000000000000e+02 1.568193149000000000e+09
3.760000000000000000e+03 1.568193153000000000e+09
5.020000000000000000e+03 1.568193295000000000e+09
2.700000000000000000e+03 1.568193304000000000e+09
4.520000000000000000e+03 1.568193325000000000e+09
4.400000000000000000e+02 1.568193366000000000e+09
4.820000000000000000e+03 1.568193367000000000e+09
1.260000000000000000e+03 1.568193427000000000e+09
2.020000000000000000e+03 1.568193459000000000e+09
5.800000000000000000e+02 1.568193499000000000e+09
1.080000000000000000e+03 1.568193549000000000e+09
1.600000000000000000e+02 1.568193596000000000e+09
4.800000000000000000e+02 1.568193615000000000e+09
1.254000000000000000e+04 1.568193645000000000e+09
7.600000000000000000e+02 1.568193991000000000e+09
1.160000000000000000e+03 1.568194291000000000e+09
2.600000000000000000e+03 1.568194340000000000e+09
5.820000000000000000e+03 1.568194409000000000e+09
1.600000000000000000e+02 1.568194475000000000e+09
6.840000000000000000e+03 1.568194493000000000e+09
1.046000000000000000e+04 1.568194654000000000e+09
3.400000000000000000e+03 1.568194767000000000e+09
3.200000000000000000e+02 1.568194795000000000e+09
4.620000000000000000e+03 1.568194982000000000e+09
3.740000000000000000e+03 1.568195008000000000e+09
1.280000000000000000e+03 1.568195077000000000e+09
6.000000000000000000e+01 1.568195121000000000e+09
1.320000000000000000e+03 1.568195366000000000e+09
1.460000000000000000e+03 1.568195479000000000e+09
3.200000000000000000e+03 1.568195511000000000e+09
1.900000000000000000e+03 1.568195615000000000e+09
8.800000000000000000e+02 1.568195617000000000e+09
3.360000000000000000e+03 1.568195719000000000e+09
1.840000000000000000e+03 1.568195726000000000e+09
2.480000000000000000e+03 1.568195734000000000e+09
2.100000000000000000e+03 1.568195870000000000e+09
1.600000000000000000e+03 1.568196003000000000e+09
6.000000000000000000e+01 1.568196070000000000e+09
7.100000000000000000e+03 1.568196202000000000e+09
7.600000000000000000e+02 1.568196347000000000e+09
3.360000000000000000e+03 1.568196366000000000e+09
7.600000000000000000e+02 1.568196461000000000e+09
2.780000000000000000e+03 1.568196486000000000e+09
1.160000000000000000e+03 1.568196494000000000e+09
6.200000000000000000e+02 1.568196502000000000e+09
9.800000000000000000e+02 1.568196714000000000e+09
1.820000000000000000e+03 1.568196863000000000e+09
2.080000000000000000e+03 1.568197085000000000e+09
4.000000000000000000e+02 1.568197241000000000e+09
1.780000000000000000e+03 1.568197257000000000e+09
1.820000000000000000e+03 1.568197285000000000e+09
1.720000000000000000e+03 1.568197531000000000e+09
4.600000000000000000e+03 1.568197539000000000e+09
4.840000000000000000e+03 1.568197585000000000e+09
3.460000000000000000e+03 1.568197617000000000e+09
1.720000000000000000e+03 1.568197882000000000e+09
1.220000000000000000e+03 1.568198007000000000e+09
4.880000000000000000e+03 1.568198143000000000e+09
1.200000000000000000e+04 1.568198149000000000e+09
1.120000000000000000e+03 1.568198185000000000e+09
2.100000000000000000e+03 1.568198267000000000e+09
8.280000000000000000e+03 1.568198268000000000e+09
2.680000000000000000e+03 1.568198320000000000e+09
3.560000000000000000e+03 1.568198388000000000e+09
1.320000000000000000e+03 1.568198407000000000e+09
3.140000000000000000e+03 1.568198486000000000e+09
1.540000000000000000e+03 1.568198584000000000e+09
1.220000000000000000e+03 1.568198695000000000e+09
7.900000000000000000e+03 1.568198727000000000e+09
3.580000000000000000e+03 1.568198813000000000e+09
1.820000000000000000e+03 1.568198862000000000e+09
3.160000000000000000e+03 1.568198887000000000e+09
1.120000000000000000e+03 1.568198898000000000e+09
6.000000000000000000e+01 1.568198908000000000e+09
1.520000000000000000e+03 1.568199036000000000e+09
2.380000000000000000e+03 1.568199045000000000e+09
6.000000000000000000e+02 1.568199283000000000e+09
1.740000000000000000e+03 1.568199352000000000e+09
7.800000000000000000e+02 1.568199505000000000e+09
3.120000000000000000e+03 1.568199768000000000e+09
1.600000000000000000e+02 1.568199854000000000e+09
5.980000000000000000e+03 1.568199885000000000e+09
2.920000000000000000e+03 1.568199992000000000e+09
1.280000000000000000e+03 1.568199995000000000e+09
2.800000000000000000e+03 1.568200132000000000e+09
6.400000000000000000e+02 1.568200161000000000e+09
1.040000000000000000e+03 1.568200275000000000e+09
2.660000000000000000e+03 1.568200401000000000e+09
8.220000000000000000e+03 1.568200531000000000e+09
1.060000000000000000e+03 1.568200577000000000e+09
2.660000000000000000e+03 1.568200726000000000e+09
2.000000000000000000e+03 1.568200750000000000e+09
4.000000000000000000e+01 1.568200751000000000e+09
1.000000000000000000e+02 1.568201096000000000e+09
2.420000000000000000e+03 1.568201103000000000e+09
2.040000000000000000e+03 1.568201154000000000e+09
2.920000000000000000e+03 1.568201182000000000e+09
1.580000000000000000e+03 1.568201235000000000e+09
7.000000000000000000e+02 1.568201246000000000e+09
8.000000000000000000e+01 1.568201327000000000e+09
2.720000000000000000e+03 1.568201471000000000e+09
2.000000000000000000e+02 1.568201568000000000e+09
1.904000000000000000e+04 1.568201689000000000e+09
1.900000000000000000e+03 1.568201745000000000e+09
6.000000000000000000e+01 1.568201915000000000e+09
3.680000000000000000e+03 1.568201918000000000e+09
1.060000000000000000e+03 1.568201922000000000e+09
1.360000000000000000e+03 1.568202070000000000e+09
4.360000000000000000e+03 1.568202099000000000e+09
5.200000000000000000e+02 1.568202307000000000e+09
3.200000000000000000e+02 1.568202354000000000e+09
5.800000000000000000e+02 1.568202399000000000e+09
9.600000000000000000e+02 1.568202577000000000e+09
7.400000000000000000e+02 1.568202629000000000e+09
1.260000000000000000e+03 1.568202667000000000e+09
3.600000000000000000e+02 1.568202683000000000e+09
8.200000000000000000e+02 1.568202690000000000e+09
1.554000000000000000e+04 1.568202694000000000e+09
5.040000000000000000e+03 1.568202704000000000e+09
1.414000000000000000e+04 1.568202811000000000e+09
5.600000000000000000e+02 1.568202842000000000e+09
1.300000000000000000e+03 1.568202920000000000e+09
1.280000000000000000e+03 1.568202936000000000e+09
2.860000000000000000e+03 1.568202947000000000e+09
6.200000000000000000e+02 1.568203082000000000e+09
6.560000000000000000e+03 1.568203258000000000e+09
1.880000000000000000e+03 1.568203307000000000e+09
1.320000000000000000e+03 1.568203395000000000e+09
4.600000000000000000e+02 1.568203425000000000e+09
2.880000000000000000e+03 1.568203552000000000e+09
3.860000000000000000e+03 1.568203553000000000e+09
1.000000000000000000e+03 1.568203680000000000e+09
4.640000000000000000e+03 1.568203690000000000e+09
2.060000000000000000e+03 1.568203733000000000e+09
8.000000000000000000e+02 1.568203741000000000e+09
1.600000000000000000e+03 1.568203754000000000e+09
2.780000000000000000e+03 1.568204096000000000e+09
7.200000000000000000e+02 1.568204199000000000e+09
1.000000000000000000e+02 1.568204302000000000e+09
2.600000000000000000e+02 1.568204360000000000e+09
1.640000000000000000e+03 1.568204462000000000e+09
7.200000000000000000e+02 1.568204475000000000e+09
9.660000000000000000e+03 1.568204487000000000e+09
2.120000000000000000e+03 1.568204531000000000e+09
2.860000000000000000e+03 1.568204601000000000e+09
2.400000000000000000e+02 1.568204637000000000e+09
7.400000000000000000e+02 1.568204673000000000e+09
2.400000000000000000e+02 1.568204690000000000e+09
3.900000000000000000e+03 1.568204785000000000e+09
7.600000000000000000e+02 1.568204908000000000e+09
2.400000000000000000e+02 1.568204915000000000e+09
1.080000000000000000e+03 1.568204920000000000e+09
1.320000000000000000e+03 1.568205044000000000e+09
4.720000000000000000e+03 1.568205088000000000e+09
3.900000000000000000e+03 1.568205519000000000e+09
1.300000000000000000e+03 1.568205551000000000e+09
6.180000000000000000e+03 1.568205570000000000e+09
1.400000000000000000e+03 1.568205696000000000e+09
1.840000000000000000e+03 1.568205717000000000e+09
3.900000000000000000e+03 1.568206040000000000e+09
6.500000000000000000e+03 1.568206154000000000e+09
9.320000000000000000e+03 1.568206381000000000e+09
3.860000000000000000e+03 1.568206401000000000e+09
1.000000000000000000e+03 1.568206451000000000e+09
3.740000000000000000e+03 1.568206503000000000e+09
2.140000000000000000e+03 1.568206506000000000e+09
1.060000000000000000e+03 1.568206568000000000e+09
3.680000000000000000e+03 1.568206706000000000e+09
2.480000000000000000e+03 1.568206756000000000e+09
1.340000000000000000e+03 1.568206763000000000e+09
9.220000000000000000e+03 1.568206786000000000e+09
3.580000000000000000e+03 1.568206790000000000e+09
3.540000000000000000e+03 1.568206806000000000e+09
5.600000000000000000e+02 1.568206975000000000e+09
3.660000000000000000e+03 1.568207016000000000e+09
4.500000000000000000e+03 1.568207139000000000e+09
4.540000000000000000e+03 1.568207193000000000e+09
3.020000000000000000e+03 1.568207231000000000e+09
2.120000000000000000e+03 1.568207240000000000e+09
1.600000000000000000e+02 1.568207337000000000e+09
6.800000000000000000e+02 1.568207521000000000e+09
8.200000000000000000e+02 1.568207532000000000e+09
5.080000000000000000e+03 1.568207577000000000e+09
7.400000000000000000e+02 1.568207695000000000e+09
2.380000000000000000e+03 1.568207752000000000e+09
4.600000000000000000e+02 1.568208032000000000e+09
4.000000000000000000e+03 1.568208191000000000e+09
4.400000000000000000e+03 1.568208323000000000e+09
3.000000000000000000e+02 1.568208477000000000e+09
1.400000000000000000e+02 1.568208483000000000e+09
1.740000000000000000e+03 1.568208562000000000e+09
4.980000000000000000e+03 1.568208569000000000e+09
2.140000000000000000e+03 1.568208601000000000e+09
3.060000000000000000e+03 1.568208627000000000e+09
3.680000000000000000e+03 1.568208711000000000e+09
1.260000000000000000e+03 1.568208808000000000e+09
2.600000000000000000e+02 1.568208835000000000e+09
1.400000000000000000e+02 1.568208849000000000e+09
1.060000000000000000e+03 1.568208917000000000e+09
3.560000000000000000e+03 1.568208918000000000e+09
6.600000000000000000e+02 1.568209081000000000e+09
7.600000000000000000e+02 1.568209284000000000e+09
5.500000000000000000e+03 1.568209339000000000e+09
1.880000000000000000e+03 1.568209414000000000e+09
4.600000000000000000e+02 1.568209419000000000e+09
3.880000000000000000e+03 1.568209478000000000e+09
1.340000000000000000e+03 1.568209549000000000e+09
8.960000000000000000e+03 1.568209640000000000e+09
6.200000000000000000e+03 1.568209669000000000e+09
1.520000000000000000e+03 1.568209721000000000e+09
9.600000000000000000e+02 1.568209820000000000e+09
4.600000000000000000e+03 1.568209902000000000e+09
2.660000000000000000e+03 1.568210048000000000e+09
3.160000000000000000e+03 1.568210100000000000e+09
1.600000000000000000e+03 1.568210213000000000e+09
8.460000000000000000e+03 1.568210216000000000e+09
7.800000000000000000e+02 1.568210326000000000e+09
1.240000000000000000e+04 1.568210345000000000e+09
2.400000000000000000e+03 1.568210495000000000e+09
3.100000000000000000e+03 1.568210566000000000e+09
4.000000000000000000e+02 1.568210950000000000e+09
7.160000000000000000e+03 1.568211063000000000e+09
1.000000000000000000e+02 1.568211137000000000e+09
2.520000000000000000e+03 1.568211174000000000e+09
2.420000000000000000e+03 1.568211212000000000e+09
3.580000000000000000e+03 1.568211266000000000e+09
3.000000000000000000e+02 1.568211390000000000e+09
4.140000000000000000e+03 1.568211397000000000e+09
4.240000000000000000e+03 1.568211412000000000e+09
2.160000000000000000e+03 1.568211433000000000e+09
1.560000000000000000e+03 1.568211493000000000e+09
8.680000000000000000e+03 1.568211562000000000e+09
6.260000000000000000e+03 1.568211875000000000e+09
3.520000000000000000e+03 1.568211924000000000e+09
1.960000000000000000e+03 1.568211946000000000e+09
3.060000000000000000e+03 1.568212102000000000e+09
6.540000000000000000e+03 1.568212137000000000e+09
1.780000000000000000e+03 1.568212200000000000e+09
1.800000000000000000e+02 1.568212253000000000e+09
1.680000000000000000e+03 1.568212270000000000e+09
1.040000000000000000e+03 1.568212463000000000e+09
2.600000000000000000e+02 1.568212488000000000e+09
2.420000000000000000e+03 1.568212531000000000e+09
1.020000000000000000e+03 1.568212707000000000e+09
4.160000000000000000e+03 1.568212726000000000e+09
1.500000000000000000e+03 1.568212766000000000e+09
3.800000000000000000e+03 1.568212900000000000e+09
2.800000000000000000e+03 1.568213056000000000e+09
6.800000000000000000e+02 1.568213208000000000e+09
1.000000000000000000e+02 1.568213237000000000e+09
2.540000000000000000e+03 1.568213253000000000e+09
4.640000000000000000e+03 1.568213507000000000e+09
1.060000000000000000e+04 1.568213517000000000e+09
6.800000000000000000e+02 1.568213552000000000e+09
4.640000000000000000e+03 1.568213684000000000e+09
1.962000000000000000e+04 1.568213708000000000e+09
2.440000000000000000e+03 1.568213719000000000e+09
2.540000000000000000e+03 1.568213805000000000e+09
1.660000000000000000e+03 1.568213833000000000e+09
1.180000000000000000e+03 1.568213924000000000e+09
2.780000000000000000e+03 1.568214077000000000e+09
5.200000000000000000e+02 1.568214237000000000e+09
1.340000000000000000e+03 1.568214363000000000e+09
1.800000000000000000e+02 1.568214368000000000e+09
2.940000000000000000e+03 1.568214397000000000e+09
2.980000000000000000e+03 1.568214433000000000e+09
6.200000000000000000e+02 1.568214454000000000e+09
1.328000000000000000e+04 1.568214532000000000e+09
1.220000000000000000e+03 1.568214537000000000e+09
7.000000000000000000e+02 1.568214609000000000e+09
4.620000000000000000e+03 1.568214613000000000e+09
1.000000000000000000e+02 1.568214663000000000e+09
1.080000000000000000e+03 1.568214900000000000e+09
1.480000000000000000e+03 1.568214912000000000e+09
1.120000000000000000e+03 1.568214929000000000e+09
1.680000000000000000e+03 1.568214934000000000e+09
5.400000000000000000e+02 1.568214935000000000e+09
4.400000000000000000e+02 1.568214997000000000e+09
3.380000000000000000e+03 1.568215092000000000e+09
4.820000000000000000e+03 1.568215136000000000e+09
9.400000000000000000e+02 1.568215149000000000e+09
2.280000000000000000e+03 1.568215220000000000e+09
1.520000000000000000e+03 1.568215369000000000e+09
7.780000000000000000e+03 1.568215383000000000e+09
6.360000000000000000e+03 1.568215515000000000e+09
3.800000000000000000e+03 1.568215689000000000e+09
1.200000000000000000e+02 1.568215689000000000e+09
2.300000000000000000e+03 1.568215740000000000e+09
3.380000000000000000e+03 1.568215803000000000e+09
1.600000000000000000e+03 1.568215828000000000e+09
1.740000000000000000e+03 1.568215893000000000e+09
2.400000000000000000e+02 1.568215917000000000e+09
7.400000000000000000e+02 1.568216130000000000e+09
6.680000000000000000e+03 1.568216299000000000e+09
1.320000000000000000e+03 1.568216352000000000e+09
3.120000000000000000e+03 1.568216395000000000e+09
7.800000000000000000e+02 1.568216562000000000e+09
1.380000000000000000e+03 1.568216623000000000e+09
1.500000000000000000e+03 1.568216674000000000e+09
2.160000000000000000e+03 1.568216676000000000e+09
8.800000000000000000e+02 1.568216740000000000e+09
3.700000000000000000e+03 1.568216777000000000e+09
3.720000000000000000e+03 1.568216789000000000e+09
3.860000000000000000e+03 1.568216794000000000e+09
1.200000000000000000e+02 1.568216841000000000e+09
2.400000000000000000e+02 1.568216845000000000e+09
2.100000000000000000e+03 1.568216863000000000e+09
7.000000000000000000e+02 1.568216916000000000e+09
3.700000000000000000e+03 1.568217213000000000e+09
6.800000000000000000e+02 1.568217270000000000e+09
3.760000000000000000e+03 1.568217283000000000e+09
8.200000000000000000e+02 1.568217288000000000e+09
5.240000000000000000e+03 1.568217310000000000e+09
1.220000000000000000e+03 1.568217412000000000e+09
6.580000000000000000e+03 1.568217459000000000e+09
2.720000000000000000e+03 1.568217604000000000e+09
4.400000000000000000e+02 1.568217692000000000e+09
5.180000000000000000e+03 1.568217741000000000e+09
1.400000000000000000e+02 1.568217879000000000e+09
9.600000000000000000e+02 1.568217882000000000e+09
5.200000000000000000e+02 1.568217908000000000e+09
9.400000000000000000e+02 1.568217937000000000e+09
2.000000000000000000e+02 1.568217953000000000e+09
6.200000000000000000e+02 1.568218008000000000e+09
2.020000000000000000e+03 1.568218065000000000e+09
8.000000000000000000e+02 1.568218086000000000e+09
4.300000000000000000e+03 1.568218176000000000e+09
8.000000000000000000e+01 1.568218274000000000e+09
4.060000000000000000e+03 1.568218409000000000e+09
4.660000000000000000e+03 1.568218448000000000e+09
2.840000000000000000e+03 1.568218457000000000e+09
1.420000000000000000e+03 1.568218486000000000e+09
3.400000000000000000e+02 1.568218601000000000e+09
1.400000000000000000e+02 1.568218630000000000e+09
1.800000000000000000e+02 1.568218719000000000e+09
2.800000000000000000e+02 1.568218811000000000e+09
8.000000000000000000e+01 1.568218841000000000e+09
2.320000000000000000e+03 1.568218940000000000e+09
1.600000000000000000e+02 1.568218947000000000e+09
2.800000000000000000e+02 1.568218957000000000e+09
4.200000000000000000e+02 1.568218985000000000e+09
2.060000000000000000e+03 1.568219108000000000e+09
1.860000000000000000e+03 1.568219128000000000e+09
3.840000000000000000e+03 1.568219227000000000e+09
2.620000000000000000e+03 1.568219251000000000e+09
1.000000000000000000e+02 1.568219358000000000e+09
7.160000000000000000e+03 1.568219412000000000e+09
8.000000000000000000e+01 1.568219424000000000e+09
3.100000000000000000e+03 1.568219442000000000e+09
3.820000000000000000e+03 1.568219449000000000e+09
4.480000000000000000e+03 1.568219489000000000e+09
1.200000000000000000e+03 1.568219520000000000e+09
1.720000000000000000e+03 1.568219584000000000e+09
7.400000000000000000e+02 1.568219742000000000e+09
8.600000000000000000e+02 1.568219797000000000e+09
4.160000000000000000e+03 1.568219807000000000e+09
1.960000000000000000e+03 1.568219912000000000e+09
3.200000000000000000e+02 1.568219930000000000e+09
6.000000000000000000e+02 1.568219974000000000e+09
2.040000000000000000e+03 1.568220088000000000e+09
2.080000000000000000e+03 1.568220127000000000e+09
2.020000000000000000e+03 1.568220129000000000e+09
6.600000000000000000e+03 1.568220162000000000e+09
2.960000000000000000e+03 1.568220825000000000e+09
9.000000000000000000e+02 1.568220859000000000e+09
1.440000000000000000e+03 1.568220992000000000e+09
4.060000000000000000e+03 1.568221198000000000e+09
4.720000000000000000e+03 1.568221201000000000e+09
1.060000000000000000e+03 1.568221202000000000e+09
3.600000000000000000e+02 1.568221437000000000e+09
1.760000000000000000e+03 1.568221679000000000e+09
6.920000000000000000e+03 1.568221701000000000e+09
1.600000000000000000e+02 1.568221732000000000e+09
2.400000000000000000e+02 1.568221880000000000e+09
2.420000000000000000e+03 1.568221908000000000e+09
3.000000000000000000e+02 1.568221949000000000e+09
1.260000000000000000e+03 1.568221962000000000e+09
1.040000000000000000e+03 1.568222093000000000e+09
1.720000000000000000e+03 1.568222128000000000e+09
2.280000000000000000e+03 1.568222133000000000e+09
1.980000000000000000e+03 1.568222248000000000e+09
1.120000000000000000e+03 1.568222429000000000e+09
2.000000000000000000e+03 1.568222460000000000e+09
3.480000000000000000e+03 1.568222616000000000e+09
7.420000000000000000e+03 1.568222706000000000e+09
5.000000000000000000e+02 1.568222734000000000e+09
1.640000000000000000e+03 1.568222760000000000e+09
5.220000000000000000e+03 1.568222855000000000e+09
4.320000000000000000e+03 1.568222884000000000e+09
1.660000000000000000e+03 1.568222892000000000e+09
4.200000000000000000e+02 1.568222971000000000e+09
2.040000000000000000e+03 1.568222992000000000e+09
1.080000000000000000e+03 1.568223083000000000e+09
2.160000000000000000e+03 1.568223189000000000e+09
4.220000000000000000e+03 1.568223266000000000e+09
2.800000000000000000e+02 1.568223338000000000e+09
8.000000000000000000e+02 1.568223490000000000e+09
1.624000000000000000e+04 1.568223552000000000e+09
1.656000000000000000e+04 1.568223618000000000e+09
1.962000000000000000e+04 1.568223646000000000e+09
1.618000000000000000e+04 1.568223817000000000e+09
5.800000000000000000e+02 1.568223817000000000e+09
2.300000000000000000e+03 1.568223870000000000e+09
1.000000000000000000e+03 1.568224027000000000e+09
3.500000000000000000e+03 1.568224048000000000e+09
4.000000000000000000e+02 1.568224080000000000e+09
1.040000000000000000e+03 1.568224115000000000e+09
3.020000000000000000e+03 1.568224122000000000e+09
1.940000000000000000e+03 1.568224183000000000e+09
1.680000000000000000e+03 1.568224217000000000e+09
1.500000000000000000e+03 1.568224344000000000e+09
4.600000000000000000e+02 1.568224413000000000e+09
5.400000000000000000e+02 1.568224520000000000e+09
6.000000000000000000e+02 1.568224572000000000e+09
3.800000000000000000e+03 1.568224606000000000e+09
2.100000000000000000e+03 1.568224624000000000e+09
4.140000000000000000e+03 1.568224629000000000e+09
1.980000000000000000e+03 1.568224636000000000e+09
5.200000000000000000e+02 1.568224669000000000e+09
2.840000000000000000e+03 1.568224760000000000e+09
3.400000000000000000e+02 1.568224764000000000e+09
8.200000000000000000e+02 1.568224770000000000e+09
1.320000000000000000e+03 1.568224813000000000e+09
1.308000000000000000e+04 1.568224944000000000e+09
1.680000000000000000e+03 1.568225029000000000e+09
7.600000000000000000e+02 1.568225045000000000e+09
7.480000000000000000e+03 1.568225500000000000e+09
2.140000000000000000e+03 1.568225508000000000e+09
4.940000000000000000e+03 1.568225538000000000e+09
1.740000000000000000e+03 1.568225544000000000e+09
1.182000000000000000e+04 1.568225563000000000e+09
1.100000000000000000e+03 1.568225609000000000e+09
1.160000000000000000e+03 1.568225612000000000e+09
3.280000000000000000e+03 1.568225636000000000e+09
2.080000000000000000e+03 1.568225792000000000e+09
1.460000000000000000e+03 1.568225899000000000e+09
2.920000000000000000e+03 1.568225941000000000e+09
3.040000000000000000e+03 1.568226010000000000e+09
8.000000000000000000e+01 1.568226045000000000e+09
3.260000000000000000e+03 1.568226073000000000e+09
9.200000000000000000e+02 1.568226277000000000e+09
2.520000000000000000e+03 1.568226283000000000e+09
3.120000000000000000e+03 1.568226315000000000e+09
1.000000000000000000e+02 1.568226352000000000e+09
6.400000000000000000e+03 1.568226570000000000e+09
2.000000000000000000e+02 1.568226612000000000e+09
2.600000000000000000e+02 1.568226616000000000e+09
4.400000000000000000e+02 1.568226737000000000e+09
1.200000000000000000e+03 1.568226783000000000e+09
9.200000000000000000e+02 1.568226794000000000e+09
4.000000000000000000e+02 1.568226827000000000e+09
2.400000000000000000e+02 1.568226901000000000e+09
3.600000000000000000e+02 1.568227003000000000e+09
2.520000000000000000e+03 1.568227022000000000e+09
2.200000000000000000e+03 1.568227106000000000e+09
5.000000000000000000e+02 1.568227120000000000e+09
7.800000000000000000e+02 1.568227237000000000e+09
7.460000000000000000e+03 1.568227257000000000e+09
2.260000000000000000e+03 1.568227296000000000e+09
8.220000000000000000e+03 1.568227417000000000e+09
7.000000000000000000e+02 1.568227576000000000e+09
3.880000000000000000e+03 1.568227649000000000e+09
1.600000000000000000e+02 1.568227693000000000e+09
5.260000000000000000e+03 1.568227863000000000e+09
4.140000000000000000e+03 1.568227908000000000e+09
3.000000000000000000e+02 1.568228062000000000e+09
2.140000000000000000e+03 1.568228108000000000e+09
1.688000000000000000e+04 1.568228184000000000e+09
3.000000000000000000e+02 1.568228214000000000e+09
3.140000000000000000e+03 1.568228237000000000e+09
3.080000000000000000e+03 1.568228331000000000e+09
1.300000000000000000e+03 1.568228483000000000e+09
5.600000000000000000e+02 1.568228511000000000e+09
9.800000000000000000e+02 1.568228543000000000e+09
2.060000000000000000e+03 1.568228838000000000e+09
1.020000000000000000e+03 1.568228878000000000e+09
4.560000000000000000e+03 1.568228936000000000e+09
6.200000000000000000e+02 1.568229006000000000e+09
8.000000000000000000e+02 1.568229071000000000e+09
1.140000000000000000e+03 1.568229244000000000e+09
9.200000000000000000e+02 1.568229281000000000e+09
5.800000000000000000e+02 1.568229317000000000e+09
1.860000000000000000e+03 1.568229684000000000e+09
7.800000000000000000e+02 1.568229734000000000e+09
7.600000000000000000e+02 1.568229846000000000e+09
4.000000000000000000e+02 1.568229858000000000e+09
1.600000000000000000e+03 1.568229878000000000e+09
1.800000000000000000e+02 1.568230066000000000e+09
1.820000000000000000e+03 1.568230143000000000e+09
2.200000000000000000e+02 1.568230414000000000e+09
3.000000000000000000e+02 1.568230435000000000e+09
2.240000000000000000e+03 1.568230495000000000e+09
2.560000000000000000e+03 1.568230537000000000e+09
3.560000000000000000e+03 1.568230612000000000e+09
1.000000000000000000e+02 1.568230642000000000e+09
1.880000000000000000e+03 1.568230676000000000e+09
2.580000000000000000e+03 1.568230727000000000e+09
8.800000000000000000e+02 1.568230816000000000e+09
6.400000000000000000e+02 1.568230826000000000e+09
6.600000000000000000e+02 1.568230855000000000e+09
3.800000000000000000e+02 1.568230903000000000e+09
1.854000000000000000e+04 1.568230917000000000e+09
1.400000000000000000e+03 1.568231112000000000e+09
4.480000000000000000e+03 1.568231123000000000e+09
1.500000000000000000e+03 1.568231126000000000e+09
5.940000000000000000e+03 1.568231180000000000e+09
3.160000000000000000e+03 1.568231318000000000e+09
2.600000000000000000e+02 1.568231369000000000e+09
3.800000000000000000e+02 1.568231393000000000e+09
8.800000000000000000e+02 1.568231437000000000e+09
6.000000000000000000e+02 1.568231503000000000e+09
3.400000000000000000e+02 1.568231540000000000e+09
1.060000000000000000e+03 1.568231600000000000e+09
1.000000000000000000e+03 1.568231695000000000e+09
4.900000000000000000e+03 1.568231752000000000e+09
3.380000000000000000e+03 1.568231775000000000e+09
1.060000000000000000e+03 1.568231860000000000e+09
1.500000000000000000e+03 1.568231989000000000e+09
3.760000000000000000e+03 1.568232001000000000e+09
3.600000000000000000e+02 1.568232058000000000e+09
1.000000000000000000e+03 1.568232200000000000e+09
6.000000000000000000e+01 1.568232408000000000e+09
1.600000000000000000e+03 1.568232500000000000e+09
1.820000000000000000e+03 1.568232520000000000e+09
1.960000000000000000e+03 1.568232525000000000e+09
8.340000000000000000e+03 1.568232531000000000e+09
6.800000000000000000e+02 1.568232532000000000e+09
2.000000000000000000e+02 1.568232542000000000e+09
5.600000000000000000e+02 1.568232642000000000e+09
7.400000000000000000e+02 1.568232648000000000e+09
4.480000000000000000e+03 1.568232723000000000e+09
2.880000000000000000e+03 1.568232780000000000e+09
2.700000000000000000e+03 1.568232784000000000e+09
1.020000000000000000e+03 1.568232843000000000e+09
1.400000000000000000e+03 1.568232934000000000e+09
3.800000000000000000e+02 1.568233083000000000e+09
1.120000000000000000e+03 1.568233143000000000e+09
1.940000000000000000e+03 1.568233172000000000e+09
3.500000000000000000e+03 1.568233183000000000e+09
1.600000000000000000e+02 1.568233242000000000e+09
1.060000000000000000e+03 1.568233274000000000e+09
2.800000000000000000e+02 1.568233729000000000e+09
4.800000000000000000e+02 1.568233789000000000e+09
8.660000000000000000e+03 1.568233910000000000e+09
9.400000000000000000e+02 1.568233918000000000e+09
1.400000000000000000e+02 1.568234050000000000e+09
2.160000000000000000e+03 1.568234062000000000e+09
4.600000000000000000e+03 1.568234217000000000e+09
2.540000000000000000e+03 1.568234334000000000e+09
2.540000000000000000e+03 1.568234402000000000e+09
4.800000000000000000e+02 1.568234598000000000e+09
2.740000000000000000e+03 1.568234760000000000e+09
2.500000000000000000e+03 1.568234895000000000e+09
9.800000000000000000e+02 1.568234939000000000e+09
2.760000000000000000e+03 1.568235171000000000e+09
1.600000000000000000e+02 1.568235193000000000e+09
1.280000000000000000e+04 1.568235200000000000e+09
2.740000000000000000e+03 1.568235276000000000e+09
4.200000000000000000e+02 1.568235286000000000e+09
6.000000000000000000e+02 1.568235335000000000e+09
3.080000000000000000e+03 1.568235350000000000e+09
1.420000000000000000e+03 1.568235452000000000e+09
1.120000000000000000e+03 1.568235475000000000e+09
1.680000000000000000e+03 1.568235498000000000e+09
2.680000000000000000e+03 1.568235617000000000e+09
2.140000000000000000e+03 1.568235728000000000e+09
1.220000000000000000e+04 1.568235897000000000e+09
5.740000000000000000e+03 1.568235928000000000e+09
2.520000000000000000e+03 1.568236001000000000e+09
1.400000000000000000e+02 1.568236006000000000e+09
3.580000000000000000e+03 1.568236013000000000e+09
1.460000000000000000e+03 1.568236016000000000e+09
3.600000000000000000e+02 1.568236197000000000e+09
2.800000000000000000e+02 1.568236234000000000e+09
1.180000000000000000e+03 1.568236246000000000e+09
4.400000000000000000e+02 1.568236306000000000e+09
1.100000000000000000e+03 1.568236328000000000e+09
1.040000000000000000e+03 1.568236456000000000e+09
6.600000000000000000e+02 1.568236459000000000e+09
6.640000000000000000e+03 1.568236478000000000e+09
3.380000000000000000e+03 1.568236836000000000e+09
2.240000000000000000e+03 1.568236870000000000e+09
3.600000000000000000e+02 1.568236872000000000e+09
3.600000000000000000e+03 1.568236917000000000e+09
6.000000000000000000e+01 1.568236923000000000e+09
4.360000000000000000e+03 1.568236931000000000e+09
5.320000000000000000e+03 1.568236949000000000e+09
2.200000000000000000e+02 1.568236994000000000e+09
2.800000000000000000e+03 1.568236997000000000e+09
3.400000000000000000e+02 1.568237052000000000e+09
5.000000000000000000e+02 1.568237167000000000e+09
2.920000000000000000e+03 1.568237167000000000e+09
5.000000000000000000e+02 1.568237168000000000e+09
2.760000000000000000e+03 1.568237202000000000e+09
3.600000000000000000e+03 1.568237303000000000e+09
1.540000000000000000e+03 1.568237413000000000e+09
1.000000000000000000e+02 1.568237441000000000e+09
1.060000000000000000e+03 1.568237732000000000e+09
4.800000000000000000e+02 1.568237754000000000e+09
1.900000000000000000e+03 1.568237903000000000e+09
1.460000000000000000e+03 1.568237906000000000e+09
9.380000000000000000e+03 1.568237931000000000e+09
1.320000000000000000e+03 1.568237942000000000e+09
1.140000000000000000e+03 1.568237951000000000e+09
2.400000000000000000e+02 1.568237979000000000e+09
3.400000000000000000e+02 1.568238032000000000e+09
7.600000000000000000e+02 1.568238045000000000e+09
2.400000000000000000e+02 1.568238202000000000e+09
2.800000000000000000e+02 1.568238261000000000e+09
6.000000000000000000e+01 1.568238342000000000e+09
4.520000000000000000e+03 1.568238355000000000e+09
1.120000000000000000e+03 1.568238364000000000e+09
1.740000000000000000e+03 1.568238402000000000e+09
8.000000000000000000e+02 1.568238689000000000e+09
4.500000000000000000e+03 1.568238901000000000e+09
3.400000000000000000e+02 1.568238958000000000e+09
2.780000000000000000e+03 1.568239071000000000e+09
1.400000000000000000e+02 1.568239103000000000e+09
2.200000000000000000e+02 1.568239178000000000e+09
2.480000000000000000e+03 1.568239434000000000e+09
1.800000000000000000e+03 1.568239473000000000e+09
1.100000000000000000e+03 1.568239519000000000e+09
1.400000000000000000e+02 1.568239610000000000e+09
7.920000000000000000e+03 1.568239675000000000e+09
9.000000000000000000e+02 1.568239737000000000e+09
3.640000000000000000e+03 1.568239748000000000e+09
4.780000000000000000e+03 1.568239752000000000e+09
7.800000000000000000e+02 1.568239892000000000e+09
2.720000000000000000e+03 1.568239916000000000e+09
2.680000000000000000e+03 1.568239989000000000e+09
1.066000000000000000e+04 1.568240032000000000e+09
7.600000000000000000e+02 1.568240061000000000e+09
1.440000000000000000e+03 1.568240196000000000e+09
8.020000000000000000e+03 1.568240300000000000e+09
5.480000000000000000e+03 1.568240380000000000e+09
8.800000000000000000e+02 1.568240431000000000e+09
1.140000000000000000e+03 1.568240453000000000e+09
2.580000000000000000e+03 1.568240610000000000e+09
3.620000000000000000e+03 1.568240615000000000e+09
7.560000000000000000e+03 1.568240669000000000e+09
3.700000000000000000e+03 1.568240711000000000e+09
3.400000000000000000e+02 1.568240714000000000e+09
1.980000000000000000e+03 1.568241030000000000e+09
1.180000000000000000e+03 1.568241070000000000e+09
8.000000000000000000e+01 1.568241146000000000e+09
2.200000000000000000e+02 1.568241305000000000e+09
1.680000000000000000e+03 1.568241365000000000e+09
5.040000000000000000e+03 1.568241460000000000e+09
1.800000000000000000e+02 1.568241509000000000e+09
5.620000000000000000e+03 1.568241576000000000e+09
1.240000000000000000e+03 1.568241679000000000e+09
3.200000000000000000e+02 1.568241685000000000e+09
1.100000000000000000e+03 1.568241694000000000e+09
1.480000000000000000e+03 1.568242008000000000e+09
1.280000000000000000e+03 1.568242100000000000e+09
1.120000000000000000e+03 1.568242218000000000e+09
2.820000000000000000e+03 1.568242395000000000e+09
7.420000000000000000e+03 1.568242428000000000e+09
4.600000000000000000e+02 1.568242529000000000e+09
1.558000000000000000e+04 1.568242754000000000e+09
6.900000000000000000e+03 1.568242853000000000e+09
3.000000000000000000e+02 1.568242902000000000e+09
4.400000000000000000e+02 1.568242956000000000e+09
1.460000000000000000e+03 1.568243123000000000e+09
2.180000000000000000e+03 1.568243160000000000e+09
2.360000000000000000e+03 1.568243270000000000e+09
3.000000000000000000e+02 1.568243292000000000e+09
5.400000000000000000e+02 1.568243425000000000e+09
2.420000000000000000e+03 1.568243453000000000e+09
5.200000000000000000e+02 1.568243457000000000e+09
4.600000000000000000e+02 1.568243651000000000e+09
1.940000000000000000e+03 1.568243653000000000e+09
3.020000000000000000e+03 1.568243688000000000e+09
1.634000000000000000e+04 1.568243767000000000e+09
1.800000000000000000e+02 1.568243813000000000e+09
2.040000000000000000e+03 1.568243837000000000e+09
1.600000000000000000e+02 1.568243846000000000e+09
7.460000000000000000e+03 1.568244031000000000e+09
2.400000000000000000e+02 1.568244140000000000e+09
2.660000000000000000e+03 1.568244163000000000e+09
3.880000000000000000e+03 1.568244225000000000e+09
6.800000000000000000e+02 1.568244543000000000e+09
2.760000000000000000e+03 1.568244575000000000e+09
4.500000000000000000e+03 1.568244616000000000e+09
6.600000000000000000e+02 1.568244725000000000e+09
7.400000000000000000e+02 1.568244782000000000e+09
4.360000000000000000e+03 1.568244954000000000e+09
1.160000000000000000e+03 1.568244984000000000e+09
1.700000000000000000e+03 1.568245017000000000e+09
4.860000000000000000e+03 1.568245076000000000e+09
4.800000000000000000e+02 1.568245109000000000e+09
6.000000000000000000e+01 1.568245654000000000e+09
2.040000000000000000e+03 1.568245671000000000e+09
2.540000000000000000e+03 1.568245750000000000e+09
5.200000000000000000e+02 1.568245780000000000e+09
1.140000000000000000e+03 1.568245877000000000e+09
2.200000000000000000e+02 1.568245893000000000e+09
2.460000000000000000e+03 1.568245923000000000e+09
3.000000000000000000e+02 1.568245945000000000e+09
3.560000000000000000e+03 1.568246189000000000e+09
3.740000000000000000e+03 1.568246458000000000e+09
2.560000000000000000e+03 1.568246519000000000e+09
4.160000000000000000e+03 1.568246586000000000e+09
3.840000000000000000e+03 1.568246645000000000e+09
4.600000000000000000e+02 1.568246915000000000e+09
7.800000000000000000e+02 1.568247081000000000e+09
3.340000000000000000e+03 1.568247090000000000e+09
3.200000000000000000e+02 1.568247094000000000e+09
2.600000000000000000e+02 1.568247277000000000e+09
7.880000000000000000e+03 1.568247357000000000e+09
9.600000000000000000e+02 1.568247383000000000e+09
4.060000000000000000e+03 1.568247411000000000e+09
7.800000000000000000e+02 1.568247433000000000e+09
1.416000000000000000e+04 1.568247820000000000e+09
3.600000000000000000e+02 1.568247841000000000e+09
2.000000000000000000e+02 1.568247932000000000e+09
7.780000000000000000e+03 1.568247960000000000e+09
4.100000000000000000e+03 1.568247984000000000e+09
1.440000000000000000e+03 1.568248045000000000e+09
2.360000000000000000e+03 1.568248058000000000e+09
4.560000000000000000e+03 1.568248067000000000e+09
5.200000000000000000e+02 1.568248101000000000e+09
1.720000000000000000e+03 1.568248194000000000e+09
7.660000000000000000e+03 1.568248355000000000e+09
1.900000000000000000e+03 1.568248439000000000e+09
5.400000000000000000e+02 1.568248481000000000e+09
5.400000000000000000e+02 1.568248505000000000e+09
2.820000000000000000e+03 1.568248571000000000e+09
1.400000000000000000e+02 1.568248643000000000e+09
9.600000000000000000e+02 1.568248644000000000e+09
3.400000000000000000e+02 1.568248794000000000e+09
1.300000000000000000e+03 1.568249373000000000e+09
6.000000000000000000e+01 1.568249494000000000e+09
6.700000000000000000e+03 1.568249550000000000e+09
1.080000000000000000e+03 1.568249553000000000e+09
4.600000000000000000e+02 1.568249694000000000e+09
2.880000000000000000e+03 1.568249774000000000e+09
5.320000000000000000e+03 1.568249783000000000e+09
4.600000000000000000e+02 1.568249953000000000e+09
2.060000000000000000e+03 1.568250105000000000e+09
1.252000000000000000e+04 1.568250121000000000e+09
1.400000000000000000e+02 1.568250154000000000e+09
2.940000000000000000e+03 1.568250266000000000e+09
8.200000000000000000e+02 1.568250303000000000e+09
1.702000000000000000e+04 1.568250311000000000e+09
8.000000000000000000e+01 1.568250506000000000e+09
4.800000000000000000e+02 1.568250583000000000e+09
1.140000000000000000e+03 1.568250627000000000e+09
6.140000000000000000e+03 1.568250758000000000e+09
7.400000000000000000e+02 1.568250762000000000e+09
3.820000000000000000e+03 1.568250855000000000e+09
6.780000000000000000e+03 1.568250894000000000e+09
3.940000000000000000e+03 1.568251160000000000e+09
1.660000000000000000e+03 1.568251263000000000e+09
4.100000000000000000e+03 1.568251361000000000e+09
2.040000000000000000e+03 1.568251414000000000e+09
3.000000000000000000e+02 1.568251488000000000e+09
1.218000000000000000e+04 1.568251518000000000e+09
2.600000000000000000e+02 1.568251576000000000e+09
4.000000000000000000e+01 1.568251650000000000e+09
3.060000000000000000e+03 1.568251910000000000e+09
3.800000000000000000e+03 1.568252055000000000e+09
2.700000000000000000e+03 1.568252074000000000e+09
1.280000000000000000e+03 1.568252185000000000e+09
3.380000000000000000e+03 1.568252248000000000e+09
1.000000000000000000e+02 1.568252539000000000e+09
2.840000000000000000e+03 1.568252740000000000e+09
5.200000000000000000e+02 1.568252776000000000e+09
6.920000000000000000e+03 1.568252825000000000e+09
4.460000000000000000e+03 1.568252868000000000e+09
2.300000000000000000e+03 1.568252884000000000e+09
4.400000000000000000e+02 1.568252893000000000e+09
2.280000000000000000e+03 1.568252894000000000e+09
2.080000000000000000e+03 1.568252939000000000e+09
3.740000000000000000e+03 1.568252979000000000e+09
1.800000000000000000e+02 1.568253030000000000e+09
2.460000000000000000e+03 1.568253171000000000e+09
3.200000000000000000e+02 1.568253176000000000e+09
6.200000000000000000e+02 1.568253321000000000e+09
2.200000000000000000e+02 1.568253363000000000e+09
1.400000000000000000e+02 1.568253382000000000e+09
1.500000000000000000e+03 1.568253518000000000e+09
4.900000000000000000e+03 1.568253714000000000e+09
3.820000000000000000e+03 1.568253914000000000e+09
1.840000000000000000e+03 1.568254004000000000e+09
8.800000000000000000e+02 1.568254098000000000e+09
2.180000000000000000e+03 1.568254291000000000e+09
5.400000000000000000e+02 1.568254294000000000e+09
2.640000000000000000e+03 1.568254585000000000e+09
3.640000000000000000e+03 1.568254818000000000e+09
2.620000000000000000e+03 1.568254832000000000e+09
2.100000000000000000e+03 1.568254908000000000e+09
3.100000000000000000e+03 1.568255024000000000e+09
4.040000000000000000e+03 1.568255092000000000e+09
6.400000000000000000e+02 1.568255129000000000e+09
8.400000000000000000e+02 1.568255243000000000e+09
2.820000000000000000e+03 1.568255244000000000e+09
3.580000000000000000e+03 1.568255306000000000e+09
1.044000000000000000e+04 1.568255385000000000e+09
4.180000000000000000e+03 1.568255467000000000e+09
6.400000000000000000e+02 1.568255559000000000e+09
2.920000000000000000e+03 1.568255574000000000e+09
7.000000000000000000e+02 1.568255660000000000e+09
3.200000000000000000e+03 1.568255764000000000e+09
1.220000000000000000e+04 1.568255773000000000e+09
2.020000000000000000e+03 1.568255778000000000e+09
7.640000000000000000e+03 1.568255883000000000e+09
1.160000000000000000e+03 1.568256005000000000e+09
6.000000000000000000e+02 1.568256069000000000e+09
1.000000000000000000e+02 1.568256072000000000e+09
7.760000000000000000e+03 1.568256112000000000e+09
1.860000000000000000e+03 1.568256195000000000e+09
3.940000000000000000e+03 1.568256209000000000e+09
1.080000000000000000e+03 1.568256235000000000e+09
8.000000000000000000e+01 1.568256308000000000e+09
4.420000000000000000e+03 1.568256313000000000e+09
3.920000000000000000e+03 1.568256315000000000e+09
1.340000000000000000e+03 1.568256495000000000e+09
6.800000000000000000e+02 1.568256637000000000e+09
2.980000000000000000e+03 1.568256718000000000e+09
3.260000000000000000e+03 1.568257043000000000e+09
2.200000000000000000e+02 1.568257052000000000e+09
5.000000000000000000e+02 1.568257205000000000e+09
2.600000000000000000e+03 1.568257240000000000e+09
9.200000000000000000e+02 1.568257276000000000e+09
1.600000000000000000e+02 1.568257300000000000e+09
5.600000000000000000e+02 1.568257456000000000e+09
1.020000000000000000e+03 1.568257675000000000e+09
7.240000000000000000e+03 1.568257866000000000e+09
1.600000000000000000e+03 1.568257868000000000e+09
5.200000000000000000e+02 1.568258015000000000e+09
2.000000000000000000e+02 1.568258047000000000e+09
1.600000000000000000e+02 1.568258108000000000e+09
9.400000000000000000e+02 1.568258109000000000e+09
3.180000000000000000e+03 1.568258122000000000e+09
3.500000000000000000e+03 1.568258160000000000e+09
7.060000000000000000e+03 1.568258170000000000e+09
1.680000000000000000e+03 1.568258216000000000e+09
6.200000000000000000e+02 1.568258527000000000e+09
3.600000000000000000e+02 1.568258595000000000e+09
6.320000000000000000e+03 1.568258612000000000e+09
8.220000000000000000e+03 1.568258714000000000e+09
5.500000000000000000e+03 1.568258737000000000e+09
9.400000000000000000e+02 1.568258813000000000e+09
8.000000000000000000e+01 1.568258874000000000e+09
5.000000000000000000e+02 1.568258947000000000e+09
1.260000000000000000e+03 1.568259047000000000e+09
2.620000000000000000e+03 1.568259108000000000e+09
1.860000000000000000e+03 1.568259169000000000e+09
8.600000000000000000e+02 1.568259280000000000e+09
6.000000000000000000e+01 1.568259322000000000e+09
2.120000000000000000e+03 1.568259448000000000e+09
3.700000000000000000e+03 1.568259685000000000e+09
3.440000000000000000e+03 1.568259745000000000e+09
1.120000000000000000e+03 1.568259769000000000e+09
1.440000000000000000e+03 1.568259843000000000e+09
1.280000000000000000e+03 1.568259896000000000e+09
7.600000000000000000e+02 1.568260067000000000e+09
2.960000000000000000e+03 1.568260154000000000e+09
2.320000000000000000e+03 1.568260162000000000e+09
5.840000000000000000e+03 1.568260301000000000e+09
3.380000000000000000e+03 1.568260318000000000e+09
1.260000000000000000e+03 1.568260362000000000e+09
1.900000000000000000e+03 1.568260379000000000e+09
6.600000000000000000e+03 1.568260428000000000e+09
1.240000000000000000e+03 1.568260480000000000e+09
1.480000000000000000e+03 1.568260509000000000e+09
1.400000000000000000e+03 1.568260558000000000e+09
2.120000000000000000e+03 1.568260559000000000e+09
5.340000000000000000e+03 1.568260614000000000e+09
2.160000000000000000e+03 1.568260637000000000e+09
6.920000000000000000e+03 1.568260639000000000e+09
2.680000000000000000e+03 1.568260651000000000e+09
4.400000000000000000e+02 1.568260768000000000e+09
4.880000000000000000e+03 1.568260787000000000e+09
1.006000000000000000e+04 1.568260803000000000e+09
2.760000000000000000e+03 1.568260950000000000e+09
3.240000000000000000e+03 1.568260978000000000e+09
3.200000000000000000e+02 1.568261046000000000e+09
2.920000000000000000e+03 1.568261123000000000e+09
1.200000000000000000e+02 1.568261125000000000e+09
3.140000000000000000e+03 1.568261260000000000e+09
1.034000000000000000e+04 1.568261329000000000e+09
8.600000000000000000e+02 1.568261397000000000e+09
1.928000000000000000e+04 1.568261497000000000e+09
3.900000000000000000e+03 1.568261617000000000e+09
2.700000000000000000e+03 1.568261778000000000e+09
2.060000000000000000e+03 1.568261846000000000e+09
4.080000000000000000e+03 1.568262028000000000e+09
1.800000000000000000e+02 1.568262036000000000e+09
1.420000000000000000e+03 1.568262182000000000e+09
3.500000000000000000e+03 1.568262283000000000e+09
2.320000000000000000e+03 1.568262300000000000e+09
4.800000000000000000e+02 1.568262378000000000e+09
8.040000000000000000e+03 1.568262459000000000e+09
2.460000000000000000e+03 1.568262514000000000e+09
9.940000000000000000e+03 1.568262529000000000e+09
8.000000000000000000e+01 1.568262589000000000e+09
9.600000000000000000e+02 1.568262652000000000e+09
1.760000000000000000e+03 1.568262731000000000e+09
3.400000000000000000e+02 1.568262852000000000e+09
5.180000000000000000e+03 1.568262980000000000e+09
2.960000000000000000e+03 1.568263015000000000e+09
4.220000000000000000e+03 1.568263090000000000e+09
1.540000000000000000e+03 1.568263143000000000e+09
1.700000000000000000e+03 1.568263246000000000e+09
1.000000000000000000e+02 1.568263287000000000e+09
1.160000000000000000e+03 1.568263301000000000e+09
3.160000000000000000e+03 1.568263471000000000e+09
2.600000000000000000e+02 1.568263568000000000e+09
5.580000000000000000e+03 1.568263591000000000e+09
4.180000000000000000e+03 1.568263741000000000e+09
2.400000000000000000e+02 1.568263744000000000e+09
3.000000000000000000e+02 1.568263875000000000e+09
6.400000000000000000e+02 1.568263940000000000e+09
5.500000000000000000e+03 1.568263968000000000e+09
3.820000000000000000e+03 1.568263969000000000e+09
1.240000000000000000e+03 1.568264004000000000e+09
8.000000000000000000e+01 1.568264021000000000e+09
1.240000000000000000e+03 1.568264100000000000e+09
4.460000000000000000e+03 1.568264168000000000e+09
1.540000000000000000e+03 1.568264190000000000e+09
8.200000000000000000e+02 1.568264193000000000e+09
1.020000000000000000e+03 1.568264222000000000e+09
1.220000000000000000e+03 1.568264266000000000e+09
3.320000000000000000e+03 1.568264267000000000e+09
4.260000000000000000e+03 1.568264273000000000e+09
3.200000000000000000e+03 1.568264300000000000e+09
5.600000000000000000e+02 1.568264348000000000e+09
1.500000000000000000e+03 1.568264646000000000e+09
9.200000000000000000e+02 1.568264814000000000e+09
1.760000000000000000e+03 1.568264822000000000e+09
2.800000000000000000e+03 1.568265022000000000e+09
1.020000000000000000e+03 1.568265139000000000e+09
1.060000000000000000e+03 1.568265330000000000e+09
1.660000000000000000e+03 1.568265337000000000e+09
5.400000000000000000e+02 1.568265422000000000e+09
1.240000000000000000e+03 1.568265550000000000e+09
6.660000000000000000e+03 1.568265695000000000e+09
3.620000000000000000e+03 1.568265834000000000e+09
1.740000000000000000e+03 1.568265895000000000e+09
1.180000000000000000e+03 1.568265911000000000e+09
5.600000000000000000e+02 1.568265940000000000e+09
3.060000000000000000e+03 1.568266015000000000e+09
1.920000000000000000e+03 1.568266098000000000e+09
7.600000000000000000e+02 1.568266110000000000e+09
5.780000000000000000e+03 1.568266298000000000e+09
3.040000000000000000e+03 1.568266386000000000e+09
4.440000000000000000e+03 1.568266402000000000e+09
7.400000000000000000e+02 1.568266491000000000e+09
1.800000000000000000e+02 1.568266588000000000e+09
1.640000000000000000e+03 1.568266661000000000e+09
1.106000000000000000e+04 1.568266812000000000e+09
1.800000000000000000e+02 1.568266941000000000e+09
2.140000000000000000e+03 1.568267022000000000e+09
1.380000000000000000e+03 1.568267062000000000e+09
5.280000000000000000e+03 1.568267237000000000e+09
1.840000000000000000e+03 1.568267269000000000e+09
1.180000000000000000e+03 1.568267291000000000e+09
1.100000000000000000e+03 1.568267330000000000e+09
2.280000000000000000e+03 1.568267378000000000e+09
2.060000000000000000e+03 1.568267410000000000e+09
1.860000000000000000e+03 1.568267474000000000e+09
1.080000000000000000e+03 1.568267511000000000e+09
3.000000000000000000e+02 1.568267557000000000e+09
1.200000000000000000e+02 1.568267650000000000e+09
1.200000000000000000e+02 1.568267698000000000e+09
2.000000000000000000e+02 1.568267841000000000e+09
3.200000000000000000e+02 1.568267991000000000e+09
4.040000000000000000e+03 1.568268131000000000e+09
3.300000000000000000e+03 1.568268158000000000e+09
2.480000000000000000e+03 1.568268291000000000e+09
7.740000000000000000e+03 1.568268416000000000e+09
3.220000000000000000e+03 1.568268638000000000e+09
6.000000000000000000e+02 1.568268678000000000e+09
2.120000000000000000e+03 1.568268763000000000e+09
3.040000000000000000e+03 1.568268789000000000e+09
1.600000000000000000e+03 1.568268966000000000e+09
1.200000000000000000e+02 1.568269082000000000e+09
4.540000000000000000e+03 1.568269089000000000e+09
3.620000000000000000e+03 1.568269092000000000e+09
2.960000000000000000e+03 1.568269215000000000e+09
1.620000000000000000e+03 1.568269253000000000e+09
7.480000000000000000e+03 1.568269309000000000e+09
1.120000000000000000e+03 1.568269403000000000e+09
5.140000000000000000e+03 1.568269457000000000e+09
5.160000000000000000e+03 1.568269517000000000e+09
7.000000000000000000e+02 1.568269571000000000e+09
4.800000000000000000e+03 1.568269705000000000e+09
2.200000000000000000e+02 1.568269729000000000e+09
8.400000000000000000e+02 1.568269799000000000e+09
1.660000000000000000e+03 1.568269912000000000e+09
8.600000000000000000e+02 1.568270004000000000e+09
2.940000000000000000e+03 1.568270107000000000e+09
8.200000000000000000e+02 1.568270228000000000e+09
2.660000000000000000e+03 1.568270246000000000e+09
3.400000000000000000e+02 1.568270355000000000e+09
1.480000000000000000e+03 1.568270581000000000e+09
6.800000000000000000e+02 1.568270590000000000e+09
1.100000000000000000e+03 1.568270660000000000e+09
1.300000000000000000e+03 1.568270697000000000e+09
8.600000000000000000e+02 1.568270794000000000e+09
5.660000000000000000e+03 1.568270938000000000e+09
2.800000000000000000e+02 1.568271047000000000e+09
1.780000000000000000e+03 1.568271200000000000e+09
1.060000000000000000e+03 1.568271213000000000e+09
1.158000000000000000e+04 1.568271281000000000e+09
1.680000000000000000e+03 1.568271382000000000e+09
1.140000000000000000e+03 1.568271408000000000e+09
8.400000000000000000e+02 1.568271544000000000e+09
2.940000000000000000e+03 1.568271573000000000e+09
5.600000000000000000e+02 1.568271594000000000e+09
1.280000000000000000e+03 1.568271673000000000e+09
1.100000000000000000e+03 1.568271838000000000e+09
8.000000000000000000e+01 1.568271841000000000e+09
1.080000000000000000e+03 1.568271879000000000e+09
1.220000000000000000e+03 1.568271911000000000e+09
3.040000000000000000e+03 1.568272020000000000e+09
1.280000000000000000e+03 1.568272098000000000e+09
1.400000000000000000e+02 1.568272219000000000e+09
4.600000000000000000e+02 1.568272532000000000e+09
3.660000000000000000e+03 1.568272569000000000e+09
1.420000000000000000e+03 1.568272584000000000e+09
1.628000000000000000e+04 1.568272706000000000e+09
5.800000000000000000e+02 1.568272744000000000e+09
3.740000000000000000e+03 1.568272778000000000e+09
1.400000000000000000e+02 1.568272801000000000e+09
1.400000000000000000e+02 1.568272817000000000e+09
2.840000000000000000e+03 1.568272823000000000e+09
2.140000000000000000e+03 1.568272989000000000e+09
4.100000000000000000e+03 1.568273164000000000e+09
3.000000000000000000e+03 1.568273169000000000e+09
4.700000000000000000e+03 1.568273191000000000e+09
1.360000000000000000e+03 1.568273235000000000e+09
7.580000000000000000e+03 1.568273315000000000e+09
4.420000000000000000e+03 1.568273406000000000e+09
6.200000000000000000e+02 1.568273512000000000e+09
5.900000000000000000e+03 1.568273540000000000e+09
2.200000000000000000e+03 1.568273547000000000e+09
3.140000000000000000e+03 1.568273601000000000e+09
1.880000000000000000e+03 1.568273645000000000e+09
1.080000000000000000e+03 1.568273672000000000e+09
2.240000000000000000e+03 1.568273778000000000e+09
1.524000000000000000e+04 1.568273867000000000e+09
3.660000000000000000e+03 1.568273892000000000e+09
1.400000000000000000e+02 1.568273934000000000e+09
3.500000000000000000e+03 1.568273936000000000e+09
5.000000000000000000e+02 1.568273978000000000e+09
1.740000000000000000e+03 1.568273997000000000e+09
7.720000000000000000e+03 1.568274116000000000e+09
2.720000000000000000e+03 1.568274151000000000e+09
8.600000000000000000e+03 1.568274255000000000e+09
3.440000000000000000e+03 1.568274351000000000e+09
1.540000000000000000e+03 1.568274379000000000e+09
2.200000000000000000e+02 1.568274463000000000e+09
2.160000000000000000e+03 1.568274478000000000e+09
1.780000000000000000e+03 1.568274507000000000e+09
3.500000000000000000e+03 1.568274757000000000e+09
1.600000000000000000e+03 1.568274839000000000e+09
6.800000000000000000e+02 1.568274845000000000e+09
2.020000000000000000e+03 1.568274911000000000e+09
9.660000000000000000e+03 1.568274944000000000e+09
2.140000000000000000e+03 1.568274946000000000e+09
1.400000000000000000e+02 1.568274960000000000e+09
3.200000000000000000e+02 1.568275054000000000e+09
8.020000000000000000e+03 1.568275119000000000e+09
8.800000000000000000e+02 1.568275311000000000e+09
2.200000000000000000e+02 1.568275363000000000e+09
1.420000000000000000e+03 1.568275383000000000e+09
4.640000000000000000e+03 1.568275448000000000e+09
1.660000000000000000e+03 1.568275663000000000e+09
8.000000000000000000e+01 1.568275699000000000e+09
6.600000000000000000e+02 1.568275761000000000e+09
6.580000000000000000e+03 1.568275769000000000e+09
1.760000000000000000e+03 1.568275831000000000e+09
2.080000000000000000e+03 1.568275849000000000e+09
1.020000000000000000e+03 1.568275852000000000e+09
2.800000000000000000e+02 1.568275963000000000e+09
4.620000000000000000e+03 1.568275965000000000e+09
3.200000000000000000e+02 1.568275982000000000e+09
3.140000000000000000e+03 1.568275994000000000e+09
7.600000000000000000e+02 1.568276126000000000e+09
2.400000000000000000e+03 1.568276281000000000e+09
1.600000000000000000e+03 1.568276446000000000e+09
1.020000000000000000e+03 1.568276608000000000e+09
3.080000000000000000e+03 1.568276750000000000e+09
1.620000000000000000e+03 1.568276760000000000e+09
4.360000000000000000e+03 1.568276814000000000e+09
1.180000000000000000e+03 1.568276838000000000e+09
6.000000000000000000e+02 1.568276864000000000e+09
5.400000000000000000e+03 1.568276903000000000e+09
3.620000000000000000e+03 1.568276904000000000e+09
2.680000000000000000e+03 1.568277208000000000e+09
3.580000000000000000e+03 1.568277432000000000e+09
2.260000000000000000e+03 1.568277580000000000e+09
1.400000000000000000e+02 1.568277583000000000e+09
1.160000000000000000e+03 1.568277586000000000e+09
2.160000000000000000e+03 1.568277605000000000e+09
1.496000000000000000e+04 1.568277611000000000e+09
1.400000000000000000e+02 1.568277615000000000e+09
1.600000000000000000e+02 1.568277682000000000e+09
3.240000000000000000e+03 1.568277751000000000e+09
1.580000000000000000e+04 1.568277870000000000e+09
9.600000000000000000e+02 1.568277908000000000e+09
4.160000000000000000e+03 1.568277979000000000e+09
9.400000000000000000e+02 1.568278067000000000e+09
4.000000000000000000e+02 1.568278084000000000e+09
2.140000000000000000e+03 1.568278240000000000e+09
6.000000000000000000e+01 1.568278286000000000e+09
1.980000000000000000e+03 1.568278340000000000e+09
1.440000000000000000e+03 1.568278417000000000e+09
5.740000000000000000e+03 1.568278440000000000e+09
5.540000000000000000e+03 1.568278455000000000e+09
2.200000000000000000e+02 1.568278491000000000e+09
2.200000000000000000e+02 1.568278546000000000e+09
1.920000000000000000e+03 1.568278554000000000e+09
4.000000000000000000e+01 1.568278575000000000e+09
1.360000000000000000e+03 1.568278586000000000e+09
2.420000000000000000e+03 1.568278598000000000e+09
3.960000000000000000e+03 1.568278641000000000e+09
2.060000000000000000e+03 1.568278675000000000e+09
3.400000000000000000e+03 1.568278742000000000e+09
3.880000000000000000e+03 1.568278960000000000e+09
1.660000000000000000e+03 1.568279019000000000e+09
1.236000000000000000e+04 1.568279065000000000e+09
5.320000000000000000e+03 1.568279103000000000e+09
1.236000000000000000e+04 1.568279140000000000e+09
1.340000000000000000e+03 1.568279142000000000e+09
4.280000000000000000e+03 1.568279209000000000e+09
1.560000000000000000e+03 1.568279225000000000e+09
1.320000000000000000e+03 1.568279252000000000e+09
9.400000000000000000e+02 1.568279329000000000e+09
1.720000000000000000e+03 1.568279367000000000e+09
6.980000000000000000e+03 1.568279392000000000e+09
5.780000000000000000e+03 1.568279478000000000e+09
1.132000000000000000e+04 1.568279542000000000e+09
4.320000000000000000e+03 1.568279678000000000e+09
6.400000000000000000e+02 1.568279683000000000e+09
2.100000000000000000e+03 1.568279714000000000e+09
2.400000000000000000e+02 1.568279784000000000e+09
1.480000000000000000e+03 1.568279868000000000e+09
7.200000000000000000e+02 1.568279870000000000e+09
1.160000000000000000e+03 1.568279875000000000e+09
5.400000000000000000e+02 1.568279940000000000e+09
9.600000000000000000e+02 1.568279971000000000e+09
1.200000000000000000e+03 1.568279983000000000e+09
5.400000000000000000e+02 1.568280255000000000e+09
3.500000000000000000e+03 1.568280274000000000e+09
1.064000000000000000e+04 1.568280280000000000e+09
4.240000000000000000e+03 1.568280283000000000e+09
4.460000000000000000e+03 1.568280305000000000e+09
1.400000000000000000e+02 1.568280518000000000e+09
1.100000000000000000e+03 1.568280657000000000e+09
5.200000000000000000e+02 1.568280839000000000e+09
1.700000000000000000e+03 1.568280873000000000e+09
8.000000000000000000e+01 1.568281111000000000e+09
3.080000000000000000e+03 1.568281149000000000e+09
2.800000000000000000e+02 1.568281192000000000e+09
6.200000000000000000e+02 1.568281265000000000e+09
6.400000000000000000e+03 1.568281379000000000e+09
1.160000000000000000e+03 1.568281403000000000e+09
1.020000000000000000e+03 1.568281471000000000e+09
6.000000000000000000e+02 1.568281841000000000e+09
1.820000000000000000e+03 1.568281859000000000e+09
4.660000000000000000e+03 1.568281947000000000e+09
3.320000000000000000e+03 1.568281975000000000e+09
9.000000000000000000e+02 1.568281995000000000e+09
1.660000000000000000e+03 1.568282038000000000e+09
4.800000000000000000e+02 1.568282061000000000e+09
4.740000000000000000e+03 1.568282099000000000e+09
2.380000000000000000e+03 1.568282236000000000e+09
1.892000000000000000e+04 1.568282320000000000e+09
4.400000000000000000e+03 1.568282424000000000e+09
4.000000000000000000e+01 1.568282610000000000e+09
3.220000000000000000e+03 1.568282795000000000e+09
1.020000000000000000e+03 1.568282903000000000e+09
5.220000000000000000e+03 1.568282916000000000e+09
6.120000000000000000e+03 1.568282928000000000e+09
2.520000000000000000e+03 1.568282952000000000e+09
2.400000000000000000e+03 1.568282954000000000e+09
8.000000000000000000e+02 1.568283013000000000e+09
6.140000000000000000e+03 1.568283105000000000e+09
3.460000000000000000e+03 1.568283105000000000e+09
1.920000000000000000e+03 1.568283170000000000e+09
3.280000000000000000e+03 1.568283178000000000e+09
1.200000000000000000e+03 1.568283198000000000e+09
5.840000000000000000e+03 1.568283208000000000e+09
1.280000000000000000e+03 1.568283267000000000e+09
1.800000000000000000e+02 1.568283371000000000e+09
3.800000000000000000e+02 1.568283477000000000e+09
1.420000000000000000e+03 1.568283607000000000e+09
1.660000000000000000e+03 1.568283751000000000e+09
5.280000000000000000e+03 1.568283823000000000e+09
2.080000000000000000e+03 1.568283837000000000e+09
3.260000000000000000e+03 1.568283894000000000e+09
2.180000000000000000e+03 1.568283906000000000e+09
2.460000000000000000e+03 1.568283979000000000e+09
2.520000000000000000e+03 1.568284031000000000e+09
9.600000000000000000e+02 1.568284037000000000e+09
1.198000000000000000e+04 1.568284104000000000e+09
4.520000000000000000e+03 1.568284138000000000e+09
6.800000000000000000e+02 1.568284185000000000e+09
2.800000000000000000e+03 1.568284245000000000e+09
2.860000000000000000e+03 1.568284368000000000e+09
1.800000000000000000e+03 1.568284441000000000e+09
1.240000000000000000e+03 1.568284463000000000e+09
1.238000000000000000e+04 1.568284477000000000e+09
3.680000000000000000e+03 1.568284696000000000e+09
2.100000000000000000e+03 1.568284783000000000e+09
1.820000000000000000e+03 1.568284784000000000e+09
1.400000000000000000e+02 1.568284860000000000e+09
8.360000000000000000e+03 1.568284869000000000e+09
2.280000000000000000e+03 1.568284918000000000e+09
6.200000000000000000e+02 1.568285034000000000e+09
1.140000000000000000e+03 1.568285107000000000e+09
1.160000000000000000e+03 1.568285154000000000e+09
4.400000000000000000e+03 1.568285308000000000e+09
6.400000000000000000e+02 1.568285312000000000e+09
1.206000000000000000e+04 1.568285454000000000e+09
8.000000000000000000e+01 1.568285461000000000e+09
3.600000000000000000e+02 1.568285571000000000e+09
3.140000000000000000e+03 1.568285767000000000e+09
8.600000000000000000e+02 1.568285781000000000e+09
2.720000000000000000e+03 1.568285816000000000e+09
2.260000000000000000e+03 1.568286067000000000e+09
5.560000000000000000e+03 1.568286285000000000e+09
2.940000000000000000e+03 1.568286290000000000e+09
3.780000000000000000e+03 1.568286349000000000e+09
2.200000000000000000e+02 1.568286388000000000e+09
2.400000000000000000e+02 1.568286410000000000e+09
1.660000000000000000e+03 1.568286459000000000e+09
4.600000000000000000e+02 1.568286567000000000e+09
5.600000000000000000e+02 1.568286575000000000e+09
1.800000000000000000e+03 1.568286749000000000e+09
6.340000000000000000e+03 1.568286981000000000e+09
5.400000000000000000e+02 1.568287000000000000e+09
8.480000000000000000e+03 1.568287016000000000e+09
4.800000000000000000e+02 1.568287123000000000e+09
9.600000000000000000e+02 1.568287167000000000e+09
2.360000000000000000e+03 1.568287221000000000e+09
7.340000000000000000e+03 1.568287323000000000e+09
1.220000000000000000e+03 1.568287338000000000e+09
7.200000000000000000e+02 1.568287441000000000e+09
4.100000000000000000e+03 1.568287503000000000e+09
7.920000000000000000e+03 1.568287566000000000e+09
2.980000000000000000e+03 1.568287615000000000e+09
1.820000000000000000e+03 1.568287619000000000e+09
5.600000000000000000e+02 1.568287663000000000e+09
2.520000000000000000e+03 1.568287772000000000e+09
2.200000000000000000e+02 1.568287773000000000e+09
9.600000000000000000e+02 1.568287819000000000e+09
6.180000000000000000e+03 1.568287849000000000e+09
2.100000000000000000e+03 1.568288008000000000e+09
2.020000000000000000e+03 1.568288284000000000e+09
7.480000000000000000e+03 1.568288299000000000e+09
1.600000000000000000e+02 1.568288431000000000e+09
1.336000000000000000e+04 1.568288454000000000e+09
3.600000000000000000e+02 1.568288755000000000e+09
4.400000000000000000e+03 1.568288902000000000e+09
1.520000000000000000e+03 1.568288936000000000e+09
2.920000000000000000e+03 1.568288985000000000e+09
1.400000000000000000e+03 1.568289002000000000e+09
6.200000000000000000e+02 1.568289013000000000e+09
9.240000000000000000e+03 1.568289041000000000e+09
2.540000000000000000e+03 1.568289137000000000e+09
8.400000000000000000e+02 1.568289150000000000e+09
7.300000000000000000e+03 1.568289229000000000e+09
2.980000000000000000e+03 1.568289257000000000e+09
8.400000000000000000e+02 1.568289288000000000e+09
6.200000000000000000e+02 1.568289398000000000e+09
9.000000000000000000e+02 1.568289421000000000e+09
1.800000000000000000e+02 1.568289480000000000e+09
7.000000000000000000e+02 1.568289503000000000e+09
5.820000000000000000e+03 1.568289561000000000e+09
1.560000000000000000e+03 1.568289564000000000e+09
1.080000000000000000e+03 1.568289724000000000e+09
4.920000000000000000e+03 1.568289745000000000e+09
7.000000000000000000e+02 1.568289927000000000e+09
7.480000000000000000e+03 1.568289985000000000e+09
4.200000000000000000e+02 1.568289987000000000e+09
1.300000000000000000e+03 1.568290002000000000e+09
7.000000000000000000e+02 1.568290020000000000e+09
4.440000000000000000e+03 1.568290119000000000e+09
1.800000000000000000e+02 1.568290129000000000e+09
6.700000000000000000e+03 1.568290135000000000e+09
6.000000000000000000e+02 1.568290145000000000e+09
6.000000000000000000e+01 1.568290226000000000e+09
2.360000000000000000e+03 1.568290432000000000e+09
6.000000000000000000e+02 1.568290455000000000e+09
3.020000000000000000e+03 1.568290699000000000e+09
2.340000000000000000e+03 1.568290724000000000e+09
2.800000000000000000e+02 1.568290815000000000e+09
2.180000000000000000e+03 1.568290846000000000e+09
2.960000000000000000e+03 1.568290898000000000e+09
4.000000000000000000e+02 1.568290964000000000e+09
1.600000000000000000e+02 1.568291145000000000e+09
3.560000000000000000e+03 1.568291397000000000e+09
2.920000000000000000e+03 1.568291413000000000e+09
3.180000000000000000e+03 1.568291436000000000e+09
3.800000000000000000e+02 1.568291480000000000e+09
6.800000000000000000e+02 1.568291822000000000e+09
9.600000000000000000e+02 1.568292084000000000e+09
1.056000000000000000e+04 1.568292138000000000e+09
8.600000000000000000e+02 1.568292293000000000e+09
4.300000000000000000e+03 1.568292307000000000e+09
3.740000000000000000e+03 1.568292454000000000e+09
4.980000000000000000e+03 1.568292461000000000e+09
1.040000000000000000e+03 1.568292597000000000e+09
1.980000000000000000e+03 1.568292606000000000e+09
9.600000000000000000e+02 1.568292656000000000e+09
1.000000000000000000e+02 1.568292732000000000e+09
1.720000000000000000e+03 1.568292759000000000e+09
8.000000000000000000e+01 1.568292812000000000e+09
2.000000000000000000e+02 1.568292832000000000e+09
7.600000000000000000e+02 1.568292916000000000e+09
3.080000000000000000e+03 1.568293005000000000e+09
1.320000000000000000e+03 1.568293029000000000e+09
6.000000000000000000e+01 1.568293109000000000e+09
1.240000000000000000e+03 1.568293196000000000e+09
1.160000000000000000e+03 1.568293263000000000e+09
1.040000000000000000e+03 1.568293352000000000e+09
2.100000000000000000e+03 1.568293408000000000e+09
3.760000000000000000e+03 1.568293472000000000e+09
1.300000000000000000e+03 1.568293517000000000e+09
1.300000000000000000e+03 1.568293676000000000e+09
8.800000000000000000e+02 1.568293734000000000e+09
1.920000000000000000e+03 1.568293774000000000e+09
5.200000000000000000e+02 1.568293960000000000e+09
6.400000000000000000e+02 1.568293980000000000e+09
2.200000000000000000e+02 1.568294266000000000e+09
4.200000000000000000e+03 1.568294299000000000e+09
2.700000000000000000e+03 1.568294337000000000e+09
