40000 1525449033
40000 1525449034
40000 1525449035
40000 1525449036
40000 1525449037
40000 1525449038
40000 1525449039
40000 1525449040
40000 1525449041
40000 1525449042
40000 1525449043
40000 1525449044
40000 1525449045
40000 1525449046
40000 1536070096
40000 1536070097
40000 1536070098
40000 1536070099
40000 1536070100
40000 1536070101
40000 1536070102
40000 1536070103
40000 1536070104
40000 1536070105
40000 1536070106
40000 1536070107
40000 1536070108
40000 1536070109
40000 1536070110
40000 1536070122
40000 1536070123
20000 1536070123
20000 1536070123
20000 1536070123
20000 1536070123
20000 1536070123
20000 1536070123
20000 1536070123
20000 1536070123
20000 1536070123
20000 1536070123
20000 1536070123
20000 1536070123
20000 1536070123
20000 1536070123
20000 1536070124
20000 1536070124
20000 1536070124
20000 1536070124
40018 1536070124
20000 1536070124
20000 1536070124
20000 1536070124
20000 1536070124
20000 1536070124
20000 1536070125
20000 1536070125
20000 1536070125
20000 1536070125
40009 1536070125
20000 1536070125
20000 1536070126
20000 1536070126
20000 1536070126
20000 1536070126
20000 1536070126
40007 1536070126
20000 1536070126
20000 1536070126
20000 1536070127
20000 1536070127
20000 1536070127
40004 1536070127
20000 1536070127
20000 1536070127
20000 1536070127
20000 1536070127
20000 1536070127
20000 1536070128
20000 1536070128
20000 1536070128
20000 1536070128
20000 1536070128
20000 1536070128
20000 1536070128
20000 1536070128
20000 1536070128
40014 1536070128
20000 1536070128
20000 1536070128
20000 1536070128
20000 1536070128
20000 1536070129
20000 1536070129
20000 1536070129
20000 1536070129
20000 1536070129
20000 1536070129
40010 1536070129
20000 1536070129
20000 1536070130
20000 1536070130
20000 1536070130
20000 1536070130
20000 1536070130
20000 1536070130
20000 1536070130
40008 1536070130
20000 1536070131
20000 1536070131
20000 1536070131
20000 1536070131
20000 1536070131
40005 1536070131
20000 1536070131
20000 1536070131
20000 1536070131
20000 1536070132
40004 1536070132
20000 1536070132
20000 1536070132
20000 1536070133
20000 1536070133
20000 1536070133
20000 1536070133
20000 1536070133
20000 1536070133
40008 1536070133
20000 1536070133
20000 1536070133
20000 1536070134
20000 1536070134
20000 1536070134
20000 1536070134
40006 1536070134
20000 1536070134
20000 1536070134
20000 1536070135
20000 1536070135
20000 1536070135
20000 1536070135
40006 1536070135
20000 1536070136
20000 1536070136
20000 1536070136
20000 1536070136
40004 1536070136
20000 1536070137
20000 1536070137
20000 1536070137
20000 1536070137
40004 1536070137
20000 1536070137
20000 1536070137
20000 1536070137
20000 1536070137
20000 1536070138
20000 1536070138
40006 1536070138
20000 1536070138
20000 1536070138
20000 1536070138
20000 1536070138
20000 1536070138
20000 1536070139
20000 1536070139
20000 1536070139
20000 1536070139
40009 1536070139
20000 1536070139
20000 1536070139
20000 1536070139
20000 1536070139
40004 1536070140
40000 1536070141
40000 1536070142
40000 1536070143
40000 1536070144
40000 1536070145
40000 1536070146
40000 1536070147
40000 1536070148
40000 1536070156
40000 1536070157
20000 1536070157
20000 1536070157
20000 1536070157
20000 1536070157
20000 1536070157
20000 1536070157
20000 1536070157
20000 1536070157
40008 1536070158
20000 1536070158
20000 1536070158
20000 1536070158
20000 1536070158
20000 1536070159
40005 1536070159
20000 1536070159
20000 1536070159
20000 1536070159
20000 1536070160
20000 1536070160
40005 1536070160
20000 1536070160
20000 1536070160
20000 1536070160
20000 1536070160
40004 1536070161
20000 1536070161
20000 1536070161
20000 1536070161
20000 1536070161
20000 1536070161
20000 1536070161
40006 1536070162
20000 1536070162
20000 1536070162
20000 1536070162
20000 1536070162
40004 1536070163
20000 1536070163
20000 1536070163
20000 1536070163
20000 1536070163
20000 1536070163
20000 1536070163
20000 1536070163
20000 1536070164
40008 1536070164
20000 1536070164
20000 1536070164
20000 1536070164
20000 1536070165
40004 1536070165
20000 1536070165
20000 1536070165
20000 1536070165
40003 1536070166
20000 1536070166
20000 1536070166
20000 1536070166
20000 1536070167
40004 1536070167
20000 1536070167
20000 1536070167
20000 1536070167
20000 1536070167
20000 1536070168
40005 1536070168
20000 1536070168
20000 1536070168
20000 1536070168
20000 1536070168
20000 1536070169
40005 1536070169
20000 1536070169
20000 1536070169
20000 1536070169
20000 1536070169
20000 1536070169
20000 1536070169
20000 1536070169
20000 1536070169
20000 1536070169
20000 1536070169
40010 1536070170
20000 1536070170
40001 1536070171
40000 1536070156
40000 1536070157
20000 1536070157
20000 1536070157
20000 1536070157
20000 1536070157
20000 1536070157
20000 1536070157
20000 1536070157
20000 1536070157
40008 1536070158
20000 1536070158
20000 1536070158
20000 1536070158
20000 1536070158
20000 1536070159
40005 1536070159
20000 1536070159
20000 1536070159
20000 1536070159
20000 1536070160
20000 1536070160
40005 1536070160
20000 1536070160
20000 1536070160
20000 1536070160
20000 1536070160
40004 1536070161
20000 1536070161
20000 1536070161
20000 1536070161
20000 1536070161
20000 1536070161
20000 1536070161
40006 1536070162
20000 1536070162
20000 1536070162
20000 1536070162
20000 1536070162
40004 1536070163
20000 1536070163
20000 1536070163
20000 1536070163
20000 1536070163
20000 1536070163
20000 1536070163
20000 1536070163
20000 1536070164
40008 1536070164
20000 1536070164
20000 1536070164
20000 1536070164
20000 1536070165
40004 1536070165
20000 1536070165
20000 1536070165
20000 1536070165
40003 1536070166
20000 1536070166
20000 1536070166
20000 1536070166
20000 1536070167
40004 1536070167
20000 1536070167
20000 1536070167
20000 1536070167
20000 1536070167
20000 1536070168
40005 1536070168
20000 1536070168
20000 1536070168
20000 1536070168
20000 1536070168
20000 1536070169
40005 1536070169
20000 1536070169
20000 1536070169
20000 1536070169
20000 1536070169
20000 1536070169
20000 1536070169
20000 1536070169
20000 1536070169
20000 1536070169
20000 1536070169
40010 1536070170
20000 1536070170
40001 1536070171
40000 1536070186
40000 1536070187
20000 1536070187
20000 1536070187
20000 1536070187
20000 1536070187
20000 1536070187
20000 1536070187
20000 1536070187
20000 1536070187
20000 1536070188
40009 1536070188
20000 1536070188
20000 1536070188
20000 1536070188
20000 1536070188
20000 1536070188
20000 1536070189
20000 1536070189
40007 1536070189
20000 1536070189
20000 1536070189
20000 1536070189
20000 1536070190
20000 1536070190
20000 1536070190
20000 1536070190
20000 1536070190
40008 1536070190
20000 1536070190
20000 1536070190
20000 1536070190
20000 1536070190
20000 1536070190
40005 1536070191
20000 1536070191
20000 1536070191
40002 1536070192
20000 1536070192
20000 1536070192
20000 1536070193
20000 1536070193
20000 1536070193
20000 1536070193
20000 1536070193
20000 1536070193
40008 1536070193
20000 1536070193
20000 1536070193
20000 1536070193
20000 1536070193
20000 1536070194
20000 1536070194
20000 1536070194
20000 1536070194
20000 1536070194
20000 1536070194
40010 1536070194
20000 1536070194
20000 1536070194
20000 1536070195
20000 1536070195
40004 1536070195
20000 1536070195
20000 1536070196
20000 1536070196
20000 1536070196
20000 1536070196
20000 1536070196
40006 1536070196
20000 1536070196
20000 1536070196
20000 1536070196
20000 1536070197
40004 1536070197
20000 1536070197
20000 1536070197
20000 1536070197
20000 1536070198
40004 1536070198
20000 1536070198
20000 1536070198
20000 1536070199
20000 1536070199
20000 1536070199
40005 1536070199
20000 1536070199
20000 1536070199
20000 1536070200
20000 1536070200
20000 1536070200
20000 1536070200
40006 1536070200
20000 1536070200
20000 1536070200
20000 1536070201
20000 1536070201
40004 1536070201
20000 1536070201
20000 1536070201
20000 1536070202
20000 1536070202
20000 1536070202
40005 1536070202
20000 1536070203
20000 1536070203
40002 1536070203
20000 1536070203
20000 1536070203
20000 1536070203
20000 1536070204
40004 1536070204
20000 1536070204
20000 1536070204
20000 1536070205
20000 1536070205
20000 1536070205
20000 1536070205
20000 1536070205
40007 1536070205
20000 1536070206
20000 1536070206
40002 1536070206
20000 1536070206
20000 1536070207
20000 1536070207
20000 1536070207
20000 1536070207
40005 1536070207
20000 1536070207
20000 1536070207
20000 1536070208
20000 1536070208
40004 1536070208
20000 1536070208
20000 1536070209
40002 1536070209
20000 1536070209
20000 1536070209
20000 1536070209
20000 1536070210
20000 1536070210
20000 1536070210
20000 1536070210
20000 1536070210
20000 1536070210
20000 1536070210
40010 1536070210
20000 1536070210
20000 1536070211
20000 1536070211
20000 1536070211
20000 1536070211
40005 1536070211
20000 1536070211
20000 1536070211
20000 1536070212
20000 1536070212
20000 1536070212
40005 1536070212
20000 1536070212
20000 1536070212
20000 1536070213
20000 1536070213
20000 1536070213
20000 1536070213
20000 1536070213
40007 1536070213
20000 1536070213
20000 1536070213
20000 1536070213
20000 1536070214
20000 1536070214
40005 1536070214
20000 1536070215
40001 1536070215
20000 1536070215
20000 1536070216
20000 1536070216
20000 1536070216
20000 1536070216
40005 1536070216
20000 1536070216
20000 1536070217
20000 1536070217
20000 1536070217
20000 1536070217
40005 1536070217
20000 1536070217
40001 1536070218
20000 1536070218
20000 1536070219
20000 1536070219
20000 1536070219
20000 1536070219
40005 1536070219
20000 1536070219
20000 1536070219
20000 1536070220
20000 1536070220
20000 1536070220
20000 1536070220
40006 1536070220
20000 1536070220
20000 1536070220
20000 1536070220
20000 1536070221
20000 1536070221
20000 1536070221
20000 1536070221
20000 1536070221
20000 1536070221
40009 1536070221
20000 1536070221
20000 1536070221
20000 1536070221
20000 1536070221
20000 1536070221
20000 1536070222
20000 1536070222
20000 1536070222
20000 1536070222
20000 1536070222
40010 1536070222
20000 1536070222
20000 1536070222
20000 1536070223
20000 1536070223
40004 1536070223
20000 1536070223
20000 1536070223
20000 1536070224
20000 1536070224
20000 1536070224
20000 1536070224
20000 1536070224
40007 1536070224
20000 1536070224
20000 1536070224
20000 1536070224
20000 1536070224
20000 1536070225
20000 1536070225
20000 1536070225
20000 1536070225
20000 1536070225
40009 1536070225
20000 1536070226
20000 1536070226
40002 1536070226
20000 1536070226
20000 1536070227
20000 1536070227
20000 1536070227
40004 1536070227
20000 1536070227
20000 1536070228
20000 1536070228
20000 1536070228
40004 1536070228
20000 1536070228
20000 1536070229
20000 1536070229
40003 1536070229
20000 1536070229
20000 1536070229
20000 1536070230
20000 1536070230
40004 1536070230
20000 1536070230
20000 1536070230
20000 1536070230
20000 1536070230
20000 1536070231
20000 1536070231
1840 1536070231
20000 1536070231
40008 1536070231
20000 1536070231
20000 1536070231
20000 1536070232
20000 1536070232
20000 1536070232
40005 1536070232
20000 1536070232
20000 1536070232
20000 1536070233
40003 1536070233
20000 1536070234
40001 1536070234
20000 1536070234
20000 1536070234
20000 1536070235
20000 1536070235
40004 1536070235
20000 1536070235
20000 1536070235
20000 1536070236
20000 1536070236
40004 1536070236
20000 1536070236
20000 1536070237
40002 1536070237
20000 1536070237
20000 1536070237
20000 1536070237
20000 1536070238
20000 1536070238
20000 1536070238
40006 1536070238
20000 1536070238
20000 1536070238
20000 1536070238
20000 1536070238
20000 1536070238
20000 1536070239
20000 1536070239
40007 1536070239
20000 1536070239
20000 1536070239
20000 1536070239
20000 1536070240
20000 1536070240
20000 1536070240
20000 1536070240
20000 1536070240
40008 1536070240
20000 1536070240
20000 1536070240
20000 1536070240
20000 1536070241
20000 1536070241
20000 1536070241
40006 1536070241
20000 1536070241
20000 1536070241
20000 1536070241
20000 1536070242
20000 1536070242
20000 1536070242
20000 1536070242
20000 1536070242
20000 1536070242
20000 1536070242
40010 1536070242
20000 1536070243
20000 1536070243
20000 1536070243
20000 1536070243
20000 1536070243
20000 1536070243
20000 1536070243
20000 1536070243
20000 1536070243
40009 1536070243
20000 1536070243
20000 1536070244
20000 1536070244
20000 1536070244
20000 1536070244
40005 1536070244
20000 1536070244
20000 1536070245
20000 1536070245
40003 1536070245
20000 1536070245
20000 1536070246
20000 1536070246
20000 1536070246
20000 1536070246
40005 1536070246
20000 1536070246
20000 1536070247
20000 1536070247
40003 1536070247
20000 1536070247
20000 1536070247
20000 1536070248
20000 1536070248
20000 1536070248
20000 1536070248
40006 1536070248
20000 1536070248
20000 1536070248
20000 1536070248
20000 1536070249
20000 1536070249
40005 1536070249
20000 1536070249
20000 1536070250
20000 1536070250
20000 1536070250
20000 1536070250
40005 1536070250
20000 1536070250
20000 1536070251
20000 1536070251
20000 1536070251
20000 1536070251
40005 1536070251
20000 1536070251
20000 1536070251
20000 1536070251
20000 1536070251
20000 1536070252
20000 1536070252
20000 1536070252
20000 1536070252
20000 1536070252
40009 1536070252
20000 1536070252
20000 1536070253
20000 1536070253
40003 1536070253
20000 1536070253
20000 1536070253
20000 1536070253
20000 1536070254
20000 1536070254
20000 1536070254
40006 1536070254
20000 1536070254
20000 1536070255
20000 1536070255
40003 1536070255
40000 1536070256
40000 1536070257